##FastQC	0.10.0
>>Basic Statistics	pass
#Measure	Value	
Filename	120406_0171_AD0T2DACXX_1_SA-PE-041_2.sanfastq.gz	
File type	Conventional base calls	
Encoding	Sanger / Illumina 1.9	
Total Sequences	142236890	
Filtered Sequences	0	
Sequence length	101	
%GC	45	
>>END_MODULE
>>Per base sequence quality	pass
#Base	Mean	Median	Lower Quartile	Upper Quartile	10th Percentile	90th Percentile
1	31.778214273385757	33.0	31.0	34.0	30.0	34.0
2	31.986470415656584	33.0	31.0	34.0	30.0	34.0
3	32.03309860754126	34.0	31.0	34.0	30.0	34.0
4	35.54058909049544	37.0	35.0	37.0	33.0	37.0
5	35.49171060334629	37.0	35.0	37.0	33.0	37.0
6	35.511013725061055	37.0	35.0	37.0	33.0	37.0
7	35.47977650523714	37.0	35.0	37.0	33.0	37.0
8	35.481652537537904	37.0	35.0	37.0	33.0	37.0
9	37.07549665209918	39.0	37.0	39.0	33.0	39.0
10	37.065612380866874	39.0	37.0	39.0	33.0	39.0
11	37.05073579716204	39.0	37.0	39.0	33.0	39.0
12	37.02554262821691	39.0	37.0	39.0	33.0	39.0
13	37.00085415956437	39.0	37.0	39.0	33.0	39.0
14	38.27384514664234	40.0	38.0	41.0	33.0	41.0
15	38.30067472650731	40.0	38.0	41.0	33.0	41.0
16	38.29489788478924	40.0	38.0	41.0	33.0	41.0
17	38.25150753788275	40.0	38.0	41.0	33.0	41.0
18	38.20367057378715	40.0	38.0	41.0	33.0	41.0
19	38.23873260305396	40.0	38.0	41.0	33.0	41.0
20	38.20501254632325	40.0	38.0	41.0	33.0	41.0
21	38.12177087111508	40.0	38.0	41.0	33.0	41.0
22	38.06015068945897	40.0	38.0	41.0	33.0	41.0
23	38.015909318602226	40.0	38.0	41.0	33.0	41.0
24	37.98542999639545	40.0	38.0	41.0	33.0	41.0
25	37.91436535908512	40.0	38.0	41.0	33.0	41.0
26	37.82854453580924	40.0	38.0	41.0	32.0	41.0
27	37.96190038322688	40.0	38.0	41.0	33.0	41.0
28	37.93914116794876	40.0	38.0	41.0	33.0	41.0
29	37.930539208218065	40.0	38.0	41.0	33.0	41.0
30	37.859142617643	40.0	38.0	41.0	33.0	41.0
31	37.76550510208709	40.0	37.0	41.0	32.0	41.0
32	37.68965781661846	40.0	37.0	41.0	32.0	41.0
33	37.6348466702274	40.0	37.0	41.0	32.0	41.0
34	37.53684918870203	40.0	37.0	41.0	32.0	41.0
35	37.28613139671431	40.0	37.0	41.0	31.0	41.0
36	37.30936253597783	40.0	37.0	41.0	31.0	41.0
37	37.263152414257654	40.0	37.0	41.0	31.0	41.0
38	37.18784612768179	40.0	36.0	41.0	31.0	41.0
39	37.13490099509347	40.0	36.0	41.0	31.0	41.0
40	37.08093271724375	39.0	36.0	41.0	31.0	41.0
41	37.00192042303512	39.0	36.0	41.0	31.0	41.0
42	36.93484982693308	39.0	36.0	41.0	31.0	41.0
43	36.83932916418519	39.0	36.0	41.0	30.0	41.0
44	36.742191642407256	39.0	35.0	41.0	30.0	41.0
45	36.636103847602406	39.0	35.0	41.0	30.0	41.0
46	36.52211605582771	39.0	35.0	41.0	30.0	41.0
47	36.35408207392611	39.0	35.0	41.0	30.0	41.0
48	36.24438502557248	39.0	35.0	41.0	30.0	41.0
49	36.110547502831366	39.0	35.0	40.0	29.0	41.0
50	35.96551699773526	38.0	35.0	40.0	29.0	41.0
51	35.24750889871116	38.0	34.0	40.0	28.0	41.0
52	35.39389485385964	38.0	34.0	40.0	28.0	41.0
53	35.46586532509253	38.0	34.0	40.0	28.0	41.0
54	35.435755576489335	38.0	34.0	40.0	28.0	41.0
55	35.33379214070274	38.0	34.0	40.0	28.0	41.0
56	35.22116604208655	38.0	34.0	40.0	28.0	41.0
57	35.0272133270068	37.0	34.0	40.0	27.0	41.0
58	34.81363105590962	37.0	34.0	40.0	26.0	41.0
59	34.62522854654654	37.0	33.0	40.0	26.0	41.0
60	34.650773087066234	37.0	33.0	40.0	26.0	41.0
61	34.60075817180761	37.0	34.0	40.0	26.0	41.0
62	34.49398815595588	36.0	34.0	40.0	26.0	41.0
63	34.35562746063978	36.0	33.0	39.0	26.0	41.0
64	34.21976806438892	36.0	33.0	39.0	26.0	41.0
65	34.0239332496654	36.0	33.0	39.0	26.0	41.0
66	33.79359507930749	35.0	33.0	39.0	26.0	41.0
67	33.65014654074621	35.0	33.0	39.0	26.0	41.0
68	33.48340204851217	35.0	33.0	39.0	26.0	40.0
69	33.3357247616986	35.0	33.0	38.0	26.0	40.0
70	33.180214478817696	35.0	33.0	38.0	25.0	40.0
71	32.97527448751164	35.0	33.0	37.0	25.0	40.0
72	32.779746224766306	35.0	32.0	37.0	25.0	40.0
73	32.554666078539825	35.0	32.0	37.0	24.0	39.0
74	32.3759652787684	35.0	32.0	37.0	24.0	39.0
75	32.191856627348926	35.0	32.0	36.0	24.0	39.0
76	32.02772289242263	35.0	32.0	36.0	23.0	39.0
77	31.845772977741568	35.0	32.0	36.0	23.0	39.0
78	31.641702781887314	35.0	31.0	36.0	23.0	38.0
79	31.463099200214515	35.0	31.0	36.0	22.0	37.0
80	31.281054225805978	35.0	31.0	35.0	21.0	37.0
81	31.110500876390084	35.0	31.0	35.0	20.0	37.0
82	30.93245782440828	35.0	31.0	35.0	20.0	37.0
83	30.680520278529713	34.0	31.0	35.0	19.0	37.0
84	30.54397160961548	34.0	31.0	35.0	19.0	36.0
85	30.343416711374946	34.0	30.0	35.0	18.0	36.0
86	30.229898973466025	34.0	30.0	35.0	18.0	36.0
87	30.04027538847341	34.0	30.0	35.0	15.0	36.0
88	29.874651646278263	34.0	30.0	35.0	12.0	36.0
89	29.715853313440697	34.0	30.0	35.0	10.0	36.0
90	29.53833284037636	34.0	30.0	35.0	7.0	35.0
91	29.37052332204395	34.0	29.0	35.0	7.0	35.0
92	29.20014140494776	34.0	29.0	35.0	2.0	35.0
93	29.00382347364316	34.0	29.0	35.0	2.0	35.0
94	28.869057000613555	34.0	29.0	35.0	2.0	35.0
95	28.660620687080545	34.0	29.0	35.0	2.0	35.0
96	28.452118870146837	34.0	29.0	35.0	2.0	35.0
97	28.20729135036628	34.0	29.0	35.0	2.0	35.0
98	27.925076159918852	34.0	29.0	35.0	2.0	35.0
99	27.587241101798554	34.0	28.0	35.0	2.0	35.0
100	27.15993086603623	34.0	27.0	35.0	2.0	35.0
101	23.725953745192264	29.0	18.0	34.0	2.0	35.0
>>END_MODULE
>>Per sequence quality scores	pass
#Quality	Count
2	136179.0
3	49443.0
4	60097.0
5	75895.0
6	99009.0
7	130453.0
8	167399.0
9	206888.0
10	244658.0
11	283123.0
12	318865.0
13	355241.0
14	387514.0
15	420615.0
16	457875.0
17	501882.0
18	551128.0
19	615100.0
20	696454.0
21	800742.0
22	928129.0
23	1084012.0
24	1273583.0
25	1498681.0
26	1774100.0
27	2109059.0
28	2520083.0
29	3032021.0
30	3687570.0
31	4552313.0
32	5702268.0
33	7273236.0
34	9656914.0
35	1.3777935E7
36	2.0757823E7
37	2.7968766E7
38	2.3448692E7
39	4598865.0
40	34280.0
>>END_MODULE
>>Per base sequence content	warn
#Base	G	A	T	C
1	23.850940609883956	30.222459286621955	23.278245740690533	22.64835436280356
2	22.885200606194772	31.899815156326234	26.835020165569823	18.379964071909168
3	19.753823455929226	28.092260795595607	28.640842227273527	23.513073521201637
4	24.61615548540185	27.201656335427472	25.662326418976118	22.51986176019456
5	23.04834350638572	28.928828519802423	27.07597515665591	20.946852817155943
6	23.30264541983353	28.162432903459944	24.1580264494527	24.376895227253826
7	22.926091382895027	27.373893055685095	26.9492956295611	22.750719931858782
8	22.432699068086535	26.866302374662332	27.38030363053975	23.320694926711376
9	22.211871336613168	27.05573216624745	26.9990464499048	23.73335004723458
10	22.41384829781044	28.471467513537085	25.845931469934634	23.26875271871784
11	22.733031521744962	27.637433855563387	26.557794590849493	23.071740031842157
12	22.583206677788365	27.271766225150824	27.098571836767128	23.046455260293687
13	22.37442155403654	27.565263742223568	27.306456671247346	22.753858032492545
14	21.958721116582343	27.867084270473015	27.56073266225098	22.613461950693665
15	21.92817278274293	27.62899202872054	27.36340832536482	23.07942686317171
16	22.41133907011595	27.781937785832213	26.91741158081514	22.889311563236692
17	22.11791821376297	27.673124742814608	27.51787950369275	22.691077539729672
18	22.05894265545317	27.30274544107369	27.298544702432682	23.339767201040463
19	22.35957282249352	27.67989724747216	27.039609063443386	22.920920866590937
20	22.128200078483193	27.59372003413125	27.487804423979544	22.790275463406015
21	22.33991828702104	27.374236739849977	26.893983691572558	23.391861281556423
22	22.48461525930979	27.58185027386603	26.993547151720055	22.939987315104123
23	22.25735582260907	27.432369567123736	27.413404003492964	22.89687060677423
24	22.17004185254249	27.39525019689179	27.081400947837963	23.353307002727757
25	22.437096764418836	27.608863263237048	27.010185603228738	22.94385436911538
26	22.437921668285345	27.59708784620899	27.127314522199153	22.83767596330652
27	22.351429762419638	27.269567626844015	27.161380497912063	23.21762211282428
28	22.556180970472607	27.45085870868282	26.927986943669545	23.064973377175026
29	22.27248724922606	27.653691814548985	27.288341455323657	22.785479480901298
30	22.29574825835734	27.28397419906141	27.15602985024112	23.26424769234013
31	22.68459994629516	27.593660039111462	26.68807829542163	23.03366171917175
32	22.427205425243255	27.61168686299369	27.287967391531158	22.673140320231898
33	22.329039955808934	27.195568603897343	27.122641671931945	23.35274976836178
34	22.52666379305678	27.62609123413764	26.858554064279666	22.98869090852591
35	22.415007808452504	27.547641824845858	27.286492273558565	22.750858093143066
36	22.56521005204768	27.392129425776957	26.760651895580672	23.282008626594692
37	22.659831074765485	27.63584608746718	26.83166371255727	22.872659125210063
38	22.38374095496604	27.473775614750856	27.27319966008818	22.86928377019492
39	22.322777164208244	27.475102274803675	27.009015734244468	23.19310482674361
40	22.623076896577253	27.589935353620287	26.877507656417404	22.909480093385056
41	22.567172590832506	27.637204592042924	26.986752359452986	22.80887045767159
42	22.483991757111315	27.370610556385422	26.97418332787725	23.17121435862601
43	22.624032662854916	27.49986485460306	26.814637442039075	23.061465040502945
44	22.36279174080951	27.655070737720994	27.162974815923036	22.819162705546457
45	22.292498099473352	27.427706694093214	27.08325737437032	23.196537832063115
46	22.750993079221573	27.682137172712366	26.58618449826905	22.980685249797013
47	22.47992416032156	27.631113841142056	27.16076258416505	22.728199414371336
48	22.396259507642498	27.27866097184774	27.02642190784683	23.298657612662932
49	22.59745555460331	27.67953236322869	26.752957689105827	22.970054393062163
50	22.40620029042972	27.61438052668514	27.189430787404902	22.78998839548024
51	22.529096354679858	27.455846370094285	26.759370933939852	23.255686341286005
52	22.697898696975724	27.572389358729993	26.790112181843096	22.939599762451188
53	22.42240673288062	27.49028258421567	27.177922689395135	22.909387993508577
54	22.398179644169343	27.432522935572447	26.93001010072199	23.23928731953622
55	22.587758649283387	27.64880495165024	26.802612853354486	22.96082354571189
56	22.61450238182289	27.657472581970648	26.848011994125187	22.880013042081277
57	22.48947210606664	27.369124939810302	26.971798566510508	23.169604387612555
58	22.651409912013683	27.492111223747933	26.824805435495673	23.031673428742714
59	22.438493276955086	27.685664387065827	27.068723873251166	22.807118462727917
60	22.391088556562224	27.355946126212405	26.99211575843651	23.260849558788863
61	22.76475814396673	27.636708732875135	26.565085892977553	23.03344723018058
62	22.581903330422932	27.575661981923254	27.12119760211292	22.72123708554089
63	22.420171025955362	27.215071983083995	27.084304219531237	23.28045277142941
64	22.569237839775603	27.676924038482564	26.777946283836773	22.97589183790506
65	22.445199694678365	27.59125990451563	27.174798324119713	22.788742076686294
66	22.70322909900519	27.362819870428833	26.674489297396757	23.259461733169225
67	22.69858333158619	27.575747042402238	26.78771074506823	22.937958880943334
68	22.44122900111158	27.451309766908068	27.211490012882045	22.895971219098303
69	22.405117049586664	27.46442906163164	26.93767379169556	23.192780097086136
70	22.60705442369933	27.59690622046974	26.83614303272868	22.95989632310225
71	22.613320701593626	27.622014256096396	26.928376117924007	22.836288924385972
72	22.55649873486651	27.38043705140687	26.93701303071641	23.126051183010212
73	22.669852930341186	27.502705066176397	26.77912728305167	23.04831472043075
74	22.41199745776058	27.65114724178272	27.138247626493282	22.79860767396342
75	22.416843579514378	27.471133294415107	27.01873529097996	23.09328783509055
76	22.74749469002029	27.662924154205005	26.59600543853286	22.99357571724185
77	22.570658708862375	27.604197476477445	27.09681714778775	22.728326666872427
78	22.526341091962852	27.26646793247518	26.945760695414528	23.261430280147437
79	22.601243601431385	27.71519962226396	26.741574566204307	22.94198221010035
80	22.459545480782094	27.63900982368217	27.118362191411805	22.783082504123932
81	22.58377485615722	27.47406527237765	26.743230254823487	23.198929616641646
82	22.74325247128224	27.67194361462768	26.708187306401314	22.876616607688767
83	22.494978124520575	27.510710639148172	27.080922469836054	22.9133887664952
84	22.396364403316554	27.471000928803406	26.938138947881463	23.194495719998574
85	22.645053637083556	27.65018957488894	26.833442891522264	22.871313896505242
86	22.652435440322876	27.66020251835236	26.84495759528258	22.842404446042185
87	22.547959547202588	27.43291422106707	26.90724850119615	23.111877730534193
88	22.677312362499496	27.508570001641015	26.77885637559379	23.035261260265703
89	22.45237204176791	27.70726787407668	27.019406847170842	22.820953236984572
90	22.49433884556953	27.417586253467718	26.90375823037188	23.18431667059087
91	22.804506622719323	27.660642748867755	26.500637071015827	23.034213557397102
92	22.595155459498063	27.636732813415186	27.00680518278219	22.761306544304563
93	22.497949723169565	27.31440767581462	26.91292673792291	23.2747158630929
94	22.542620454878172	27.721775591858222	26.75083564339523	22.984768309868368
95	22.487744365255406	27.636404234819	27.085253167464867	22.79059823246073
96	22.622025138387908	27.421579950551372	26.65441877978138	23.301976131279343
97	22.754159568258252	27.64826927891893	26.682349070577754	22.915222082245062
98	22.543821086076896	27.510174048378026	27.02009724762683	22.92590761791825
99	22.439846466921807	27.47983938013076	26.866757431024187	23.213556721923247
100	22.690986845958175	27.6254985608867	26.73967632447532	22.943838268679805
101	23.38145258940912	27.590676370947087	25.70274982812124	23.32512121152255
>>END_MODULE
>>Per base GC content	pass
#Base	%GC
1	46.49929497268751
2	41.26516467810394
3	43.26689697713086
4	47.13601724559641
5	43.99519632354166
6	47.67954064708736
7	45.67681131475381
8	45.75339399479791
9	45.94522138384775
10	45.68260101652828
11	45.80477155358712
12	45.62966193808205
13	45.12827958652908
14	44.57218306727601
15	45.007599645914645
16	45.30065063335264
17	44.80899575349264
18	45.39870985649363
19	45.28049368908446
20	44.91847554188921
21	45.731779568577466
22	45.42460257441391
23	45.1542264293833
24	45.52334885527024
25	45.38095113353421
26	45.275597631591864
27	45.56905187524392
28	45.62115434764763
29	45.05796673012736
30	45.55999595069747
31	45.71826166546691
32	45.10034574547515
33	45.68178972417071
34	45.51535470158269
35	45.165865901595566
36	45.84721867864237
37	45.53249019997555
38	45.25302472516096
39	45.515881990951854
40	45.53255698996231
41	45.376043048504094
42	45.65520611573732
43	45.68549770335786
44	45.181954446355974
45	45.48903593153646
46	45.731678329018585
47	45.20812357469289
48	45.694917120305426
49	45.56750994766547
50	45.19618868590996
51	45.784782695965866
52	45.637498459426915
53	45.3317947263892
54	45.63746696370556
55	45.54858219499528
56	45.49451542390416
57	45.65907649367919
58	45.6830833407564
59	45.24561173968301
60	45.651938115351086
61	45.79820537414731
62	45.303140415963824
63	45.70062379738477
64	45.54512967768066
65	45.233941771364655
66	45.96269083217441
67	45.63654221252953
68	45.33720022020989
69	45.5978971466728
70	45.56695074680158
71	45.4496096259796
72	45.68254991787672
73	45.71816765077193
74	45.210605131723995
75	45.510131414604935
76	45.74107040726214
77	45.2989853757348
78	45.787771372110285
79	45.543225811531734
80	45.24262798490602
81	45.78270447279886
82	45.61986907897101
83	45.40836689101578
84	45.59086012331513
85	45.5163675335888
86	45.494839886365064
87	45.659837277736784
88	45.7125736227652
89	45.27332527875248
90	45.6786555161604
91	45.838720180116425
92	45.356462003802626
93	45.77266558626247
94	45.52738876474655
95	45.27834259771614
96	45.92400126966725
97	45.66938165050332
98	45.469728703995145
99	45.653403188845054
100	45.634825114637984
101	46.70657380093167
>>END_MODULE
>>Per sequence GC content	fail
#GC Content	Count
0	181.0
1	130.5
2	79.5
3	80.0
4	101.0
5	112.5
6	110.0
7	140.5
8	180.5
9	211.5
10	285.5
11	393.0
12	657.5
13	1139.0
14	2002.5
15	3598.0
16	6410.5
17	11197.0
18	19224.0
19	32019.5
20	70898.0
21	99759.0
22	121910.5
23	181762.5
24	265694.0
25	378640.0
26	522465.5
27	701731.0
28	923556.0
29	1188589.0
30	1494033.0
31	1847338.0
32	2260607.5
33	2834547.5
34	3338799.0
35	3641865.0
36	3978606.0
37	4325573.0
38	4634696.5
39	4950584.5
40	7258714.5
41	7705274.5
42	5863482.0
43	5637420.5
44	5486932.5
45	5319808.0
46	5150909.0
47	4959344.0
48	4738917.5
49	4528719.0
50	4350942.0
51	4116227.0
52	3822000.0
53	3577386.0
54	3363280.0
55	3202545.5
56	3048082.5
57	2810316.0
58	2485862.5
59	2168434.5
60	1914192.0
61	1706990.5
62	1542453.5
63	1389202.0
64	1234519.0
65	1097630.0
66	980858.0
67	875218.0
68	773084.5
69	677547.5
70	588028.5
71	496221.5
72	403797.0
73	317663.5
74	242388.0
75	178690.0
76	128048.0
77	89187.5
78	60332.5
79	38929.0
80	24281.0
81	15134.0
82	9356.5
83	5811.0
84	3675.5
85	2479.5
86	1762.0
87	1271.5
88	984.5
89	746.5
90	558.0
91	423.5
92	320.0
93	221.5
94	151.5
95	110.5
96	84.5
97	59.0
98	28.5
99	16.5
100	12.0
>>END_MODULE
>>Per base N content	pass
#Base	N-Count
1	0.001886992889116178
2	0.012130467700749081
3	0.0015593704277420577
4	0.0
5	0.0
6	6.882883898825403E-4
7	3.5996287601620084E-4
8	5.483809439309309E-5
9	0.0
10	0.0085905984024257
11	0.01213257685822574
12	0.01068077346179321
13	0.004381423131509695
14	0.0
15	0.0
16	1.77872280531443E-4
17	0.0
18	0.0
19	0.0
20	4.640146448646339E-5
21	0.0
22	7.733577414410565E-6
23	1.0334871635621392E-4
24	9.209987648070765E-5
25	1.7435701807034729E-4
26	8.928766651183107E-4
27	4.921367445533996E-6
28	2.0669743271242784E-4
29	5.750969386352585E-4
30	3.444957211873797E-5
31	0.002741201667162436
32	3.2762246137412035E-4
33	0.0
34	0.0
35	0.0
36	0.0
37	0.0
38	0.0
39	0.0
40	0.0
41	0.0033535603878853087
42	0.0029725059371025334
43	8.373355182329985E-4
44	1.3357997352163702E-4
45	0.0
46	0.0
47	0.0
48	0.0
49	0.0
50	4.8510621963120825E-5
51	0.0
52	6.046251433084624E-4
53	0.0
54	3.6769645343061146E-4
55	3.592598235239817E-4
56	0.0013519699425374105
57	8.274927833419305E-4
58	0.0
59	0.0
60	0.0
61	0.0
62	0.0
63	0.0
64	0.0
65	0.0
66	0.0
67	0.0033296566031498576
68	0.008841588142147935
69	0.0013765767797650806
70	2.678629995354932E-4
71	3.3605909128075004E-4
72	8.506935155851622E-5
73	5.2025884424216525E-5
74	6.327472429972281E-5
75	1.3217386853719876E-4
76	0.0
77	0.0
78	0.0
79	0.0
80	0.0
81	0.0
82	0.0
83	0.006432930303805152
84	0.01824843048804006
85	0.008873225504297795
86	2.1091574766574267E-6
87	2.1021269517352355E-4
88	0.0010566878958053708
89	0.0010355963210387966
90	0.0
91	0.0
92	0.0021731352534493688
93	0.0
94	5.694725186975052E-5
95	9.104529774237892E-4
96	8.422568856785325E-4
97	1.3568913099829447E-4
98	0.0
99	3.093430965764226E-4
100	0.0
101	0.0
>>END_MODULE
>>Sequence Length Distribution	pass
#Length	Count
101	1.4223689E8
>>END_MODULE
>>Sequence Duplication Levels	fail
#Total Duplicate Percentage	53.989810088662445
#Duplication Level	Relative count
1	100.0
2	34.24822086508858
3	15.044667642456973
4	8.184525311664059
5	4.899813253924191
6	3.325089587644476
7	2.451925503457326
8	1.9451875031544945
9	1.643365467117549
10++	30.14485438853278
>>END_MODULE
>>Overrepresented sequences	warn
#Sequence	Count	Percentage	Possible Source
AACCTAACCTAACCTAACCTAACCTAACCTAACCTAACCTAACCTAACCT	904089	0.6356220246379121	No Hit
CTAACCTAACCTAACCTAACCTAACCTAACCTAACCTAACCTAACCTAAC	841004	0.5912699581662676	No Hit
CCTAACCTAACCTAACCTAACCTAACCTAACCTAACCTAACCTAACCTAA	693910	0.487855154875785	No Hit
ACCTAACCTAACCTAACCTAACCTAACCTAACCTAACCTAACCTAACCTA	690171	0.48522644160737766	No Hit
TAACCTAACCTAACCTAACCTAACCTAACCTAACCTAACCTAACCTAACC	580308	0.40798698565470604	No Hit
GGTTAGGTTAGGTTAGGTTAGGTTAGGTTAGGTTAGGTTAGGTTAGGTTA	535962	0.3768094198347559	No Hit
GTTAGGTTAGGTTAGGTTAGGTTAGGTTAGGTTAGGTTAGGTTAGGTTAG	479448	0.33707711128948337	No Hit
TAGGTTAGGTTAGGTTAGGTTAGGTTAGGTTAGGTTAGGTTAGGTTAGGT	428803	0.3014710178210449	No Hit
AGGTTAGGTTAGGTTAGGTTAGGTTAGGTTAGGTTAGGTTAGGTTAGGTT	386788	0.2719322673604576	No Hit
TTAGGTTAGGTTAGGTTAGGTTAGGTTAGGTTAGGTTAGGTTAGGTTAGG	346823	0.2438347745089196	No Hit
>>END_MODULE
>>Kmer Content	warn
#Sequence	Count	Obs/Exp Overall	Obs/Exp Max	Max Obs/Exp Position
ACCTA	86390245	5.7897544	7.111614	2
CTAAC	85880830	5.7556143	6.9334655	39
AACCT	83631240	5.60485	7.028545	1
CCTAA	82615285	5.5367618	6.72796	28
TAACC	82127090	5.504044	6.741313	5
TGATG	61368675	4.388066	4.7001	89
TCATC	62102455	4.275426	5.3242664	68
CATCA	63122245	4.2303653	5.1255198	81
GATGA	60187605	4.1894617	4.7174964	85
GTTAG	57961835	4.144465	5.5561323	2
TAGGT	57246575	4.0933213	5.4351444	9
TTAGG	54905170	3.9259033	5.18741	3
AGGTT	54644795	3.907286	5.251122	10
GGTTA	53699980	3.8397284	5.117022	1
ATCAT	57890650	3.3124785	4.0077357	79
ATGAT	55179585	3.2177396	3.5132196	94
>>END_MODULE
