##FastQC	0.10.0
>>Basic Statistics	pass
#Measure	Value	
Filename	120406_0171_AD0T2DACXX_1_SA-PE-042_2.sanfastq.gz	
File type	Conventional base calls	
Encoding	Sanger / Illumina 1.9	
Total Sequences	43725933	
Filtered Sequences	0	
Sequence length	101	
%GC	45	
>>END_MODULE
>>Per base sequence quality	fail
#Base	Mean	Median	Lower Quartile	Upper Quartile	10th Percentile	90th Percentile
1	30.95264300020768	31.0	31.0	34.0	27.0	34.0
2	31.16734179234094	31.0	31.0	34.0	27.0	34.0
3	31.223323628108748	33.0	31.0	34.0	27.0	34.0
4	34.66634543852958	37.0	35.0	37.0	30.0	37.0
5	34.618357005669836	37.0	35.0	37.0	30.0	37.0
6	34.61347843624057	37.0	35.0	37.0	30.0	37.0
7	34.5696166849087	37.0	35.0	37.0	30.0	37.0
8	34.562270037782845	37.0	35.0	37.0	30.0	37.0
9	36.01571380992602	39.0	35.0	39.0	30.0	39.0
10	35.99481886412807	39.0	35.0	39.0	30.0	39.0
11	35.961608732282514	39.0	35.0	39.0	30.0	39.0
12	35.925231852685684	39.0	35.0	39.0	30.0	39.0
13	35.88675317688475	39.0	35.0	39.0	30.0	39.0
14	37.014193224876415	40.0	36.0	41.0	30.0	41.0
15	37.03428221874648	40.0	36.0	41.0	31.0	41.0
16	37.01431722451754	40.0	36.0	41.0	31.0	41.0
17	36.95470438561025	40.0	36.0	41.0	30.0	41.0
18	36.88916712194569	40.0	36.0	41.0	30.0	41.0
19	36.91820949823987	40.0	36.0	41.0	30.0	41.0
20	36.876260867892746	40.0	36.0	41.0	30.0	41.0
21	36.768940527809896	40.0	36.0	41.0	30.0	41.0
22	36.69273863178631	39.0	36.0	41.0	30.0	41.0
23	36.630961127804866	39.0	36.0	41.0	30.0	41.0
24	36.57546849829368	39.0	36.0	41.0	30.0	41.0
25	36.480066463075815	39.0	36.0	41.0	29.0	41.0
26	36.367956219481925	39.0	36.0	41.0	29.0	41.0
27	36.470853051894856	39.0	36.0	41.0	29.0	41.0
28	36.42934207944745	39.0	36.0	41.0	29.0	41.0
29	36.38707025416702	39.0	36.0	41.0	29.0	41.0
30	36.2918886373448	39.0	36.0	41.0	29.0	41.0
31	36.157424885593635	39.0	35.0	41.0	27.0	41.0
32	36.060337466098204	39.0	35.0	41.0	27.0	41.0
33	35.97664253384828	39.0	35.0	41.0	27.0	41.0
34	35.83496301839917	39.0	35.0	41.0	27.0	41.0
35	35.56626199376924	39.0	35.0	41.0	26.0	41.0
36	35.55237243308222	39.0	35.0	41.0	26.0	41.0
37	35.469922094058006	39.0	35.0	41.0	26.0	41.0
38	35.371239168298594	39.0	34.0	41.0	25.0	41.0
39	35.281351778131295	38.0	34.0	41.0	25.0	41.0
40	35.2127978835809	38.0	34.0	40.0	25.0	41.0
41	35.107265772922446	38.0	34.0	40.0	25.0	41.0
42	35.01903883903403	38.0	34.0	40.0	25.0	41.0
43	34.89381086505347	38.0	34.0	40.0	24.0	41.0
44	34.762837925036386	38.0	33.0	40.0	24.0	41.0
45	34.64310872451824	38.0	33.0	40.0	24.0	41.0
46	34.49403147098085	38.0	33.0	40.0	24.0	41.0
47	34.2944873926418	38.0	33.0	40.0	23.0	41.0
48	34.16546963103109	38.0	33.0	40.0	23.0	41.0
49	33.986909415975184	38.0	33.0	40.0	23.0	41.0
50	33.831356165687765	38.0	33.0	40.0	22.0	41.0
51	33.12829027570435	37.0	32.0	39.0	21.0	40.0
52	33.24528885409946	37.0	32.0	40.0	20.0	41.0
53	33.29923196836074	37.0	32.0	40.0	20.0	41.0
54	33.23875550008275	37.0	32.0	40.0	20.0	41.0
55	33.123473157222286	37.0	32.0	40.0	19.0	41.0
56	32.99399459355161	37.0	32.0	40.0	19.0	41.0
57	32.76859311383933	36.0	31.0	40.0	18.0	41.0
58	32.537995015452275	36.0	31.0	40.0	17.0	41.0
59	32.30887002456871	36.0	31.0	40.0	15.0	41.0
60	32.306659482829104	36.0	31.0	39.0	15.0	41.0
61	32.229814513048815	36.0	31.0	39.0	14.0	41.0
62	32.10345881012991	35.0	31.0	39.0	13.0	41.0
63	31.95296662966574	35.0	31.0	39.0	13.0	41.0
64	31.781465086176663	35.0	31.0	39.0	11.0	41.0
65	31.5744535399622	35.0	30.0	39.0	8.0	41.0
66	31.330112338597782	35.0	30.0	39.0	8.0	41.0
67	31.150415726978313	35.0	30.0	38.0	7.0	40.0
68	30.958999639870463	35.0	30.0	38.0	7.0	40.0
69	30.770188254187737	35.0	30.0	38.0	6.0	40.0
70	30.60019000623726	35.0	29.0	37.0	2.0	40.0
71	30.36422173084334	35.0	29.0	37.0	2.0	40.0
72	30.138796786794693	35.0	29.0	37.0	2.0	39.0
73	29.874125910589488	35.0	29.0	37.0	2.0	39.0
74	29.65207793279105	34.0	29.0	36.0	2.0	39.0
75	29.445515685165596	34.0	29.0	36.0	2.0	39.0
76	29.248842488964158	34.0	28.0	36.0	2.0	39.0
77	29.02449283357773	34.0	28.0	36.0	2.0	38.0
78	28.78251384595956	34.0	28.0	35.0	2.0	38.0
79	28.54687530623989	34.0	27.0	35.0	2.0	37.0
80	28.331683854521756	34.0	27.0	35.0	2.0	37.0
81	28.116321360141132	34.0	26.0	35.0	2.0	37.0
82	27.890688667523687	34.0	26.0	35.0	2.0	37.0
83	27.594246393781923	34.0	26.0	35.0	2.0	36.0
84	27.3989827272525	33.0	26.0	35.0	2.0	36.0
85	27.15568296735944	33.0	25.0	35.0	2.0	36.0
86	26.99785408809916	33.0	25.0	35.0	2.0	36.0
87	26.75477534121456	33.0	25.0	35.0	2.0	36.0
88	26.548521857726854	33.0	24.0	35.0	2.0	36.0
89	26.323722675054185	33.0	24.0	35.0	2.0	35.0
90	26.09701126331598	33.0	23.0	35.0	2.0	35.0
91	25.875218008498525	33.0	22.0	35.0	2.0	35.0
92	25.646493900999207	33.0	20.0	35.0	2.0	35.0
93	25.396980711652283	32.0	20.0	35.0	2.0	35.0
94	25.19483607130807	32.0	19.0	35.0	2.0	35.0
95	24.92902454477072	32.0	18.0	35.0	2.0	35.0
96	24.658928192567096	32.0	13.0	35.0	2.0	35.0
97	24.345750861393856	32.0	2.0	35.0	2.0	35.0
98	24.00072426127534	32.0	2.0	35.0	2.0	35.0
99	23.585626223230044	32.0	2.0	35.0	2.0	35.0
100	23.088868909898387	32.0	2.0	35.0	2.0	35.0
101	20.089530645349523	26.0	2.0	32.0	2.0	34.0
>>END_MODULE
>>Per sequence quality scores	pass
#Quality	Count
2	208287.0
3	76833.0
4	83791.0
5	96457.0
6	115321.0
7	141343.0
8	170586.0
9	199904.0
10	227538.0
11	250514.0
12	268562.0
13	282249.0
14	291186.0
15	303179.0
16	316714.0
17	333374.0
18	354984.0
19	381437.0
20	414270.0
21	455346.0
22	505203.0
23	561890.0
24	628891.0
25	703481.0
26	788357.0
27	890385.0
28	1010849.0
29	1158479.0
30	1340130.0
31	1577789.0
32	1884804.0
33	2298427.0
34	2894829.0
35	3834243.0
36	5252246.0
37	6680287.0
38	5597414.0
39	1139701.0
40	6653.0
>>END_MODULE
>>Per base sequence content	warn
#Base	G	A	T	C
1	22.733856205443274	32.378959848288716	22.34821096137784	22.53897298489016
2	20.658021557574312	31.08531449146018	30.58252476037864	17.67413919058687
3	17.68882572688744	28.136389214437727	31.630123563460565	22.544661495214267
4	20.6980008865677	28.379796950244607	29.127460813700644	21.794741349487044
5	20.68581818482867	28.580924734070283	29.285993737400638	21.447263343700406
6	20.922851869590392	28.372004054185652	26.503817871395192	24.201326204828767
7	21.489090466331636	27.591305836152724	28.85077530442445	22.0688283930912
8	20.01991817525602	27.096253928993512	29.3750615910806	23.508766304669866
9	20.416684991032668	26.996581182155676	29.083038662662723	23.503695164148926
10	20.82361862709553	27.84404972356029	28.225607247475043	23.106724401869137
11	20.839724168873452	27.74939274339594	28.327138228389142	23.08374485934146
12	20.848660012613042	27.22445490618683	28.86008800400554	23.06679707719459
13	20.688894288403358	27.45378658028745	28.910521100310454	22.946798030998742
14	20.359281984903557	27.831145421185184	29.167983676872026	22.641588917039233
15	20.35988803257783	27.350314057335268	29.116293527687564	23.173504382399344
16	20.8768342803395	27.717567550631582	28.26423708730036	23.141361081728554
17	20.800084471610933	27.308526498451158	29.081538408797357	22.809850621140548
18	20.766541448069272	27.006984619401948	28.741589116005827	23.484884816522957
19	20.81738770445447	27.510562210302066	28.55723856138187	23.114811523861594
20	20.74180818134089	27.0912513593484	29.043203740537106	23.123736718773603
21	20.967676092812017	27.22002066828397	28.111171464311578	23.701131774592437
22	21.156038480780694	27.123017069138744	28.543476214526425	23.177468235554134
23	20.973374679389075	26.942169464063127	28.75740042010803	23.32705543643977
24	20.816753914727883	27.1909303181867	28.415886236761278	23.576429530324134
25	20.982982820399393	27.166548609174647	28.560345887678256	23.2901226827477
26	21.102841377911023	27.29968070635814	28.22112986903479	23.37634804669605
27	21.142860945765545	26.84217914440337	28.46445216993888	23.550507739892197
28	21.334240683527796	26.91801663633412	28.179393799902254	23.568348880235835
29	21.015763735862762	27.195988614394828	28.49067913980825	23.29756850993416
30	21.162241983702117	26.662885537914356	28.409494871691663	23.765377606691864
31	21.430256316124606	27.13235000503375	27.727855982254844	23.709537696586796
32	21.330557854922937	26.8831064135026	28.557854694237122	23.228481037337342
33	21.20243380512887	26.58681062334336	28.24957217036398	23.96118340116379
34	21.214010459193634	27.235921987073436	28.029073730685173	23.520993823047757
35	21.341948266718518	26.729096895428167	28.560499783961156	23.36845505389216
36	21.423467396338918	26.995414826254247	27.653280720162105	23.927837057244723
37	21.562183704576412	26.886943727421436	28.07764673654877	23.473225831453384
38	21.369078619774676	26.708854903107497	28.322682102632324	23.599384374485503
39	21.201743139477436	26.881585351191934	28.09997444765787	23.816697061672762
40	21.510864044913575	26.73370285775263	28.09527014552211	23.660162951811685
41	21.620292664951794	26.922295722406382	27.809340859255748	23.648070753386076
42	21.57767616338727	26.55012908241638	28.100499446789645	23.771695307406706
43	21.55840214501247	26.670288494479895	27.941076650256758	23.83023271025088
44	21.334691918500166	26.935155406016865	28.157824881790262	23.57232779369271
45	21.400936144690156	26.562552707566013	28.15386009030385	23.882651057439986
46	21.721711461251154	27.01450189753527	27.469575091742467	23.79421154947111
47	21.61177898708302	26.692290362334862	28.22007708789198	23.475853562690133
48	21.559169475011544	26.447385353675585	27.91311737133202	24.08032779998085
49	21.55635878598634	26.992334274491064	27.675782241170243	23.77552469835235
50	21.562571410746102	26.607952739785052	28.18425605393891	23.645219795529936
51	21.699488950870414	26.753606378164648	27.392028433103988	24.15487623786095
52	21.789533092852313	26.687435689988785	27.824730337053982	23.698300880104917
53	21.616007598968785	26.601483837977796	28.005858674302043	23.776649888751372
54	21.4674976178249	26.70686719360963	27.815924215900477	24.00971097266499
55	21.65156219779713	26.679890895537856	27.814436149494437	23.854110757170577
56	21.767345659642015	26.885097494039563	27.484568405574695	23.86298844074373
57	21.720719257046063	26.466172054407348	27.89811470470684	23.914993983839754
58	21.79016054385849	26.633014325846403	27.690508056168866	23.88631707412624
59	21.549406390024885	26.963335465020265	27.83874503032331	23.648513114631537
60	21.58986293099795	26.469383740765462	27.89163583999454	24.049117488242047
61	21.894284108243042	26.946732045717585	27.200780369855117	23.95820347618426
62	21.83179258862241	26.618039230861008	27.982899758822754	23.567268421693825
63	21.675004624829846	26.384820650939574	27.76878197201647	24.171392752214118
64	21.643121943218453	26.957210953051593	27.560409059767803	23.83925804396215
65	21.689028339315254	26.591942589309642	28.035795142438698	23.683233928936403
66	21.951017031471917	26.68130146016553	27.16551754310194	24.202163965260613
67	21.944426726241907	26.684597208105785	27.63628919530999	23.734686870342316
68	21.793309431311407	26.54204430124598	27.831450262705264	23.833196004737346
69	21.64797843998647	26.78650093229586	27.555026953447413	24.010493674270258
70	21.862174052966786	26.6686138001404	27.630032107348207	23.8391800395446
71	21.94099414855747	26.819249203427937	27.335683448574606	23.904073199439992
72	21.98535069838574	26.444439448677414	27.596982722393843	23.973227130543
73	21.983203506040162	26.571862619397457	27.43313455493243	24.011799319629958
74	21.725507031792386	26.793875310579608	27.731820405692215	23.74879725193579
75	21.804748917248855	26.477738597068466	27.68224028774902	24.035272197933658
76	22.079286449988388	26.857773395023955	27.006419737230082	24.056520417757582
77	22.081623735735953	26.5395434786949	27.71212451887533	23.666708266693817
78	22.04321860896599	26.360757127812455	27.40552157000286	24.19050269321869
79	21.983000339866962	26.891060277661772	27.23394604295808	23.89199333951319
80	21.993454090505054	26.540026029861956	27.679402518409386	23.7871173612236
81	22.16564252614118	26.653661112274037	26.929986834128844	24.25070952745594
82	22.308660629379823	26.62428495236454	27.29701845355707	23.770035964698568
83	22.107704205252258	26.43732278736547	27.50914153204207	23.945831475340203
84	21.94088534059928	26.597090586528367	27.345917902634813	24.11610617023754
85	22.183909657508618	26.54718345965768	27.398976525424512	23.86993035740919
86	22.2839989387533	26.728386869567167	27.074197688323665	23.91341650335587
87	22.290965460328763	26.39127814503078	27.36311776863454	23.954638626005917
88	22.342219289685637	26.48631475175603	27.175603405727912	23.995862552830427
89	22.142540818950508	26.775233156725577	27.33918980593577	23.743036218388145
90	22.24088391664507	26.357191737909858	27.319956786285154	24.081967559159914
91	22.526668556163226	26.753087235439892	26.63869287820571	24.08155133019117
92	22.4990615227149	26.426104685077117	27.369428158471777	23.705405633736206
93	22.35600781806074	26.2475291264797	27.144328744225994	24.252134311233565
94	22.25615201604724	26.779790289098614	27.036541949612943	23.92751574524121
95	22.311817880704663	26.39358639968672	27.486832021740316	23.807763697868303
96	22.481923525929354	26.48559707034901	26.735359120596076	24.297120283125558
97	22.633520685367962	26.530784374765297	27.066675198607765	23.769019741258976
98	22.510872438102123	26.34940688401091	27.214339828952305	23.925380848934658
99	22.325911539306663	26.565667751060378	26.993675772683122	24.114744936949833
100	22.586772476644466	26.45119544962025	27.043057034369056	23.918975039366227
101	23.487210667408743	26.46725456950227	25.35868359858668	24.68685116450231
>>END_MODULE
>>Per base GC content	warn
#Base	%GC
1	45.27282919033343
2	38.33216074816118
3	40.23348722210171
4	42.492742236054745
5	42.133081528529075
6	45.12417807441916
7	43.557918859422834
8	43.528684479925886
9	43.92038015518159
10	43.93034302896467
11	43.92346902821492
12	43.91545708980763
13	43.6356923194021
14	43.00087090194279
15	43.53339241497717
16	44.018195362068056
17	43.60993509275148
18	44.251426264592226
19	43.932199228316065
20	43.86554490011449
21	44.66880786740445
22	44.33350671633483
23	44.300430115828846
24	44.39318344505202
25	44.2731055031471
26	44.47918942460707
27	44.693368685657745
28	44.90258956376363
29	44.31333224579692
30	44.92761959039398
31	45.139794012711405
32	44.559038892260276
33	45.16361720629266
34	44.735004282241384
35	44.71040332061067
36	45.35130445358364
37	45.035409536029796
38	44.96846299426018
39	45.01844020115019
40	45.17102699672526
41	45.26836341833787
42	45.349371470793976
43	45.38863485526334
44	44.90701971219288
45	45.28358720213014
46	45.51592301072226
47	45.087632549773154
48	45.639497274992394
49	45.33188348433869
50	45.207791206276035
51	45.854365188731364
52	45.48783397295723
53	45.392657487720165
54	45.477208590489894
55	45.50567295496771
56	45.630334100385745
57	45.63571324088581
58	45.67647761798474
59	45.197919504656426
60	45.63898041923999
61	45.8524875844273
62	45.39906101031623
63	45.846397377043964
64	45.48237998718061
65	45.37226226825165
66	46.15318099673254
67	45.67911359658422
68	45.626505436048745
69	45.658472114256725
70	45.70135409251139
71	45.84506734799746
72	45.958577828928746
73	45.99500282567012
74	45.47430428372818
75	45.84002111518251
76	46.13580686774596
77	45.74833200242977
78	46.23372130218468
79	45.87499367938015
80	45.780571451728655
81	46.41635205359712
82	46.078696594078394
83	46.05353568059246
84	46.05699151083682
85	46.05384001491781
86	46.19741544210917
87	46.24560408633468
88	46.33808184251606
89	45.88557703733865
90	46.32285147580499
91	46.6082198863544
92	46.20446715645111
93	46.6081421292943
94	46.18366776128845
95	46.11958157857296
96	46.77904380905491
97	46.402540426626935
98	46.43625328703678
99	46.4406564762565
100	46.50574751601069
101	48.174061831911054
>>END_MODULE
>>Per sequence GC content	fail
#GC Content	Count
0	70.0
1	50.0
2	25.5
3	26.5
4	38.0
5	49.5
6	53.0
7	60.0
8	76.0
9	90.5
10	108.0
11	150.5
12	211.5
13	286.5
14	392.5
15	617.0
16	1183.5
17	2449.0
18	5129.5
19	10247.5
20	22176.5
21	36188.5
22	54412.5
23	85453.0
24	127894.5
25	183079.5
26	249940.0
27	329005.5
28	421129.0
29	524150.0
30	635397.0
31	755490.5
32	882912.5
33	1033658.0
34	1157843.5
35	1239280.0
36	1323602.0
37	1394576.0
38	1451636.0
39	1520430.0
40	2380900.5
41	2478396.5
42	1689227.0
43	1587082.0
44	1518900.5
45	1442732.0
46	1372110.5
47	1309394.5
48	1247037.5
49	1187818.5
50	1142551.5
51	1078629.5
52	997796.5
53	939087.0
54	887386.5
55	848672.0
56	809673.5
57	748752.0
58	668540.0
59	590034.5
60	528547.5
61	479158.0
62	440554.5
63	408875.5
64	377380.5
65	352155.0
66	330707.0
67	308943.5
68	288386.5
69	266792.0
70	243999.5
71	221829.0
72	198040.5
73	172463.5
74	148791.5
75	126142.5
76	104169.0
77	84846.5
78	68980.0
79	54111.0
80	41286.0
81	31449.5
82	23485.0
83	16966.5
84	11657.5
85	7574.5
86	4828.0
87	3092.0
88	2042.5
89	1410.0
90	958.5
91	665.0
92	456.0
93	317.0
94	218.5
95	145.0
96	104.0
97	72.5
98	43.5
99	18.0
100	10.5
>>END_MODULE
>>Per base N content	pass
#Base	N-Count
1	0.001767829630988091
2	0.011144416289527772
3	0.0014362186394055903
4	0.0
5	0.0
6	5.923258401370189E-4
7	3.224631021595354E-4
8	9.147889422965543E-5
9	0.0
10	0.008143908558795074
11	0.01171844635081886
12	0.010323393213816616
13	0.004201168217496926
14	0.0
15	0.0
16	1.486532031231901E-4
17	0.0
18	0.0
19	0.0
20	4.5739447114827716E-5
21	0.0
22	2.2869723557413856E-6
23	8.461797716243127E-5
24	7.547008773946572E-5
25	1.4179228605596593E-4
26	8.050142692209677E-4
27	2.2869723557413856E-6
28	1.6923595432486254E-4
29	4.4367263701382883E-4
30	2.973064062463802E-5
31	0.002513382618959783
32	3.156021850923112E-4
33	0.0
34	0.0
35	0.0
36	0.0
37	0.0
38	0.0
39	0.0
40	0.0
41	0.0030325253437130774
42	0.0026414530708813006
43	7.158223473470538E-4
44	1.1892256249855207E-4
45	0.0
46	0.0
47	0.0
48	0.0
49	0.0
50	4.80264194705691E-5
51	0.0
52	5.420124483107085E-4
53	0.0
54	3.156021850923112E-4
55	3.018803509578629E-4
56	0.001239539016811831
57	8.438927992685714E-4
58	0.0
59	0.0
60	0.0
61	0.0
62	0.0
63	0.0
64	0.0
65	0.0
66	0.0
67	0.0029318985600604564
68	0.00812103883523766
69	0.0012418259891675725
70	2.6757576562174215E-4
71	3.0645429566934573E-4
72	5.946128124927604E-5
73	5.031339182631048E-5
74	5.946128124927604E-5
75	1.143486177870693E-4
76	0.0
77	0.0
78	0.0
79	0.0
80	0.0
81	0.0
82	0.0
83	0.006133659858098397
84	0.01793672418607969
85	0.008448075882108679
86	4.573944711482771E-6
87	2.2183631850691441E-4
88	9.605283894113819E-4
89	9.353716934982268E-4
90	0.0
91	0.0
92	0.0019370655853129539
93	0.0
94	5.260036418205187E-5
95	8.050142692209677E-4
96	7.203962920585365E-4
97	1.120616454313279E-4
98	0.0
99	2.6757576562174215E-4
100	0.0
101	0.0
>>END_MODULE
>>Sequence Length Distribution	pass
#Length	Count
101	4.3725933E7
>>END_MODULE
>>Sequence Duplication Levels	warn
#Total Duplicate Percentage	42.321775709133895
#Duplication Level	Relative count
1	100.0
2	25.67407454848213
3	8.991129755347766
4	4.1116946330216475
5	2.3496541565261944
6	1.8348917638017164
7	1.3969834763673625
8	1.0999743819649033
9	0.9334571538363008
10++	13.720859485077495
>>END_MODULE
>>Overrepresented sequences	warn
#Sequence	Count	Percentage	Possible Source
AACCTAACCTAACCTAACCTAACCTAACCTAACCTAACCTAACCTAACCT	415069	0.9492513287252212	No Hit
CTAACCTAACCTAACCTAACCTAACCTAACCTAACCTAACCTAACCTAAC	412962	0.9444326779716742	No Hit
CCTAACCTAACCTAACCTAACCTAACCTAACCTAACCTAACCTAACCTAA	306290	0.700476762840029	No Hit
ACCTAACCTAACCTAACCTAACCTAACCTAACCTAACCTAACCTAACCTA	297060	0.6793680079965361	No Hit
TAACCTAACCTAACCTAACCTAACCTAACCTAACCTAACCTAACCTAACC	232803	0.5324140253336618	No Hit
GTTAGGTTAGGTTAGGTTAGGTTAGGTTAGGTTAGGTTAGGTTAGGTTAG	153040	0.34999824932266166	No Hit
GGTTAGGTTAGGTTAGGTTAGGTTAGGTTAGGTTAGGTTAGGTTAGGTTA	146396	0.3348036049911159	No Hit
AGGTTAGGTTAGGTTAGGTTAGGTTAGGTTAGGTTAGGTTAGGTTAGGTT	141015	0.32249740674487154	No Hit
TAGGTTAGGTTAGGTTAGGTTAGGTTAGGTTAGGTTAGGTTAGGTTAGGT	109614	0.2506841878022363	No Hit
TTAGGTTAGGTTAGGTTAGGTTAGGTTAGGTTAGGTTAGGTTAGGTTAGG	85544	0.1956367631995411	No Hit
>>END_MODULE
>>Kmer Content	warn
#Sequence	Count	Obs/Exp Overall	Obs/Exp Max	Max Obs/Exp Position
ACCTA	36595305	7.6471334	9.614972	2
CTAAC	36112920	7.546333	9.526634	1
AACCT	35750855	7.470673	9.603867	1
TAACC	35300805	7.3766284	9.348291	5
CCTAA	35204105	7.3564215	9.304584	8
GTTAG	16841710	4.0736113	5.3402476	1
TAGGT	16811010	4.0661855	5.323233	3
AGGTT	16312460	3.9455984	5.0634356	4
TTAGG	16186760	3.9151945	5.0855784	2
GGTTA	15846145	3.8328075	4.9534464	1
CATCA	17753810	3.7099228	4.5157967	6
TCATC	17687745	3.5752423	4.5716853	2
>>END_MODULE
