##FastQC	0.10.0
>>Basic Statistics	pass
#Measure	Value	
Filename	120315_0312_AD0T4UACXX_3_SA-PE-041_2.sanfastq.gz	
File type	Conventional base calls	
Encoding	Sanger / Illumina 1.9	
Total Sequences	105781666	
Filtered Sequences	0	
Sequence length	101	
%GC	45	
>>END_MODULE
>>Per base sequence quality	fail
#Base	Mean	Median	Lower Quartile	Upper Quartile	10th Percentile	90th Percentile
1	28.527092634370117	31.0	28.0	31.0	16.0	34.0
2	28.857987895558384	31.0	28.0	33.0	22.0	34.0
3	28.585946386966526	31.0	28.0	33.0	16.0	34.0
4	32.10963444270201	35.0	32.0	37.0	19.0	37.0
5	31.99210455808098	35.0	32.0	37.0	19.0	37.0
6	31.797610221037736	35.0	32.0	37.0	17.0	37.0
7	31.58012444235847	35.0	31.0	37.0	17.0	37.0
8	31.44654936707085	35.0	31.0	37.0	17.0	37.0
9	32.45158529645393	37.0	30.0	39.0	17.0	39.0
10	32.52323520788565	37.0	31.0	39.0	17.0	39.0
11	32.41636513835961	37.0	30.0	39.0	17.0	39.0
12	32.51168150443008	37.0	31.0	39.0	17.0	39.0
13	32.50383619407167	37.0	31.0	39.0	17.0	39.0
14	33.125698804932796	37.0	31.0	40.0	17.0	41.0
15	33.193215949160795	37.0	31.0	40.0	17.0	41.0
16	32.80181122312821	37.0	31.0	40.0	17.0	41.0
17	32.7786058408269	37.0	31.0	40.0	17.0	41.0
18	32.56637413897414	37.0	30.0	40.0	16.0	41.0
19	32.97348553765451	37.0	31.0	40.0	18.0	41.0
20	32.99606842077908	37.0	31.0	40.0	18.0	41.0
21	32.882356560729534	37.0	31.0	40.0	17.0	41.0
22	32.82731022595163	37.0	31.0	40.0	17.0	41.0
23	32.83162519864265	37.0	31.0	39.0	17.0	41.0
24	32.735759389533534	37.0	30.0	39.0	17.0	41.0
25	32.86537006327732	37.0	31.0	39.0	17.0	41.0
26	32.69300837065659	37.0	30.0	39.0	17.0	41.0
27	32.506040678164396	37.0	30.0	39.0	16.0	41.0
28	32.52502081031698	37.0	30.0	39.0	16.0	41.0
29	32.37531072728614	36.0	30.0	39.0	16.0	40.0
30	32.05029020813493	36.0	30.0	39.0	15.0	40.0
31	32.074275564916896	36.0	30.0	39.0	15.0	40.0
32	31.675750928331947	36.0	30.0	39.0	11.0	40.0
33	31.566177847870158	36.0	29.0	39.0	10.0	40.0
34	31.621490826208014	36.0	30.0	39.0	10.0	40.0
35	31.404892658809135	36.0	29.0	39.0	9.0	40.0
36	30.83094632863884	35.0	27.0	39.0	9.0	40.0
37	30.8579068134548	35.0	27.0	39.0	9.0	40.0
38	30.718968540351785	35.0	27.0	39.0	9.0	40.0
39	30.711693480040292	35.0	27.0	39.0	9.0	40.0
40	30.50877731496496	35.0	26.0	39.0	9.0	40.0
41	30.574602927883554	35.0	27.0	39.0	9.0	40.0
42	30.530461157607405	35.0	27.0	39.0	8.0	40.0
43	30.503815585585503	35.0	27.0	39.0	8.0	40.0
44	30.240640509481103	35.0	26.0	39.0	8.0	40.0
45	30.399556233118886	35.0	27.0	39.0	8.0	40.0
46	30.34024166342776	35.0	27.0	39.0	8.0	40.0
47	30.565752197549998	35.0	27.0	39.0	8.0	40.0
48	30.36811992543207	35.0	27.0	39.0	7.0	40.0
49	30.242910694940274	35.0	27.0	39.0	7.0	40.0
50	29.85678687457995	35.0	26.0	39.0	6.0	40.0
51	28.448890008973766	33.0	24.0	37.0	2.0	39.0
52	29.056083820801234	33.0	26.0	38.0	2.0	39.0
53	29.408052421862973	34.0	26.0	38.0	2.0	40.0
54	29.591982603110072	34.0	26.0	38.0	2.0	40.0
55	29.70582939202338	34.0	26.0	38.0	2.0	40.0
56	29.606671679759703	34.0	26.0	38.0	2.0	40.0
57	29.494551078444918	34.0	26.0	38.0	2.0	40.0
58	29.312336203893782	34.0	26.0	38.0	2.0	40.0
59	29.052371996107528	34.0	26.0	38.0	2.0	40.0
60	28.724556030342725	34.0	25.0	38.0	2.0	40.0
61	28.574116586516986	34.0	25.0	38.0	2.0	40.0
62	28.193495477751316	34.0	24.0	38.0	2.0	40.0
63	28.089582782710192	33.0	24.0	37.0	2.0	40.0
64	27.77869936364965	33.0	23.0	37.0	2.0	40.0
65	27.45725661949775	33.0	23.0	37.0	2.0	40.0
66	27.15993527649678	33.0	22.0	37.0	2.0	39.0
67	26.929576529830793	32.0	22.0	36.0	2.0	39.0
68	26.65005065244482	32.0	21.0	36.0	2.0	39.0
69	26.423244430655874	32.0	20.0	36.0	2.0	39.0
70	26.20497909344706	32.0	20.0	36.0	2.0	39.0
71	26.10451300700823	32.0	20.0	35.0	2.0	39.0
72	26.008465427269787	32.0	20.0	35.0	2.0	39.0
73	25.740154536798464	32.0	19.0	35.0	2.0	38.0
74	25.55295336339286	31.0	18.0	35.0	2.0	38.0
75	25.285035234744743	31.0	18.0	35.0	2.0	37.0
76	25.122926330163867	31.0	18.0	35.0	2.0	37.0
77	24.947560194410247	31.0	17.0	35.0	2.0	37.0
78	24.68981676843698	31.0	15.0	35.0	2.0	36.0
79	24.453065165375634	31.0	12.0	35.0	2.0	36.0
80	24.262649512440085	31.0	10.0	35.0	2.0	36.0
81	23.99389941542422	31.0	7.0	34.0	2.0	36.0
82	23.76481443391145	31.0	7.0	34.0	2.0	36.0
83	23.552897124913876	30.0	7.0	34.0	2.0	35.0
84	23.370548143947744	30.0	5.0	34.0	2.0	35.0
85	23.200070161496605	30.0	2.0	34.0	2.0	35.0
86	22.94214816015471	30.0	2.0	34.0	2.0	35.0
87	22.639986309158715	30.0	2.0	34.0	2.0	35.0
88	22.48681664741412	30.0	2.0	34.0	2.0	35.0
89	22.248956997897917	29.0	2.0	34.0	2.0	35.0
90	21.970531282802824	29.0	2.0	34.0	2.0	35.0
91	21.65175268651942	29.0	2.0	34.0	2.0	35.0
92	21.297381542468806	29.0	2.0	34.0	2.0	35.0
93	20.895040611290806	29.0	2.0	34.0	2.0	35.0
94	20.610603145539418	29.0	2.0	34.0	2.0	35.0
95	20.295467250440165	27.0	2.0	34.0	2.0	35.0
96	19.85477453153366	27.0	2.0	34.0	2.0	35.0
97	19.616472593653423	27.0	2.0	34.0	2.0	35.0
98	19.275283355813283	27.0	2.0	34.0	2.0	35.0
99	18.783306939030435	25.0	2.0	34.0	2.0	35.0
100	18.33855310049664	25.0	2.0	34.0	2.0	35.0
101	16.740757514633962	19.0	2.0	31.0	2.0	34.0
>>END_MODULE
>>Per sequence quality scores	pass
#Quality	Count
2	1173175.0
3	518750.0
4	421912.0
5	460588.0
6	548504.0
7	785698.0
8	953915.0
9	1004965.0
10	1031042.0
11	1045486.0
12	1104242.0
13	1194661.0
14	1291549.0
15	1373005.0
16	1438624.0
17	1503866.0
18	1583288.0
19	1688357.0
20	1836080.0
21	2016701.0
22	2224347.0
23	2459385.0
24	2718550.0
25	3009135.0
26	3323165.0
27	3667385.0
28	4039762.0
29	4447885.0
30	4895624.0
31	5380552.0
32	5916422.0
33	6505134.0
34	7129553.0
35	7729738.0
36	8007718.0
37	7136989.0
38	3744409.0
39	468164.0
40	3341.0
>>END_MODULE
>>Per base sequence content	warn
#Base	G	A	T	C
1	23.831534888441787	30.230809167466727	23.25202225310368	22.685633690987807
2	23.040665356442005	31.968842350295123	26.72825505370614	18.262237239556733
3	20.200773463714018	28.075847942034894	28.418298138756924	23.305080455494164
4	24.896020865681535	27.1904976548202	25.541593728852575	22.371887750645698
5	23.285007061435817	28.88951063784559	26.977504623464604	20.847977677253994
6	23.514807921016853	28.22713512050006	24.11238458296394	24.145672375519148
7	22.993204497898518	27.415890530343678	26.861070010246134	22.72983496151167
8	22.53759055938349	26.906224888248936	27.322654433226717	23.23353011914086
9	22.423761158152995	27.038968658986974	26.8292443567486	23.708025826111438
10	22.64658624544008	28.519341128683457	25.692723531398258	23.14134909447821
11	22.904034559273594	27.671357924596805	26.46603339837676	22.958574117752846
12	22.770156719714088	27.32318820466824	27.02898466344013	22.877670412177537
13	22.52759529912474	27.573353911523522	27.195435902726427	22.703614886625306
14	22.158278125070943	27.859212891117874	27.395306116630174	22.587202867181013
15	22.122527124558374	27.680538677376436	27.241779995143776	22.955154202921413
16	22.53549241112871	27.805117356364452	26.862373582639655	22.79701664986719
17	22.19783130630187	27.640176944520668	27.39053472178798	22.771457027389484
18	22.269659394218788	27.32219634957138	27.21447859441481	23.19366566179502
19	22.56807547584675	27.68281040101722	26.97120193675568	22.77791218638035
20	22.291694771907625	27.65026989641483	27.312729776607164	22.74530555507038
21	22.530649544624044	27.432633909818065	26.783683680046583	23.2530328655113
22	22.672982682078267	27.63603253638442	26.806354278824752	22.884630502712568
23	22.441593950161828	27.46511947039798	27.223803340266684	22.8694832391735
24	22.452224390506974	27.418756922958533	26.889330486285573	23.239688200248924
25	22.597724566599393	27.63835990192609	26.899175878873432	22.864739652601084
26	22.679219275689505	27.631785204640934	26.92897993953326	22.760015580136304
27	22.673590589486558	27.316217583293824	26.9577507934795	23.052441033740124
28	22.809858609509345	27.48363152435965	26.753640657815232	22.952869208315768
29	22.611301978728047	27.628028596303757	27.047287578766216	22.713381846201983
30	22.595098881855773	27.295253050881385	26.910675653581084	23.198972413681755
31	22.91556691499929	27.60991623638029	26.55830645391945	22.916210394700972
32	22.74394923821383	27.580929829687605	27.0630213509212	22.612099581177365
33	22.606225203715677	27.12393648380554	26.82229413577626	23.44754417670252
34	22.75000849431926	27.64477673163219	26.665846987781595	22.939367786266953
35	22.631893520404493	27.59078263817151	27.15809956980335	22.61922427162065
36	22.898184863958747	27.361188612893965	26.635855437474472	23.104771085672812
37	22.855945219377805	27.552174272805075	26.634823712128508	22.95705679568861
38	22.65025471648834	27.4028292736352	26.970876796096455	22.97603921378001
39	22.6447542116765	27.472429104938286	26.790152007022495	23.092664676362723
40	22.89582081475486	27.515719512024017	26.768520691198876	22.81993898202225
41	22.705646773561014	27.627293793062485	26.76623254972979	22.90082688364671
42	22.644446183682003	27.416982796715377	26.826905432134335	23.111665587468284
43	22.79957311360007	27.511038864188244	26.68144148307801	23.007946539133677
44	22.724143155229633	27.600081975287026	26.968475145195104	22.70729972428824
45	22.513299957315557	27.44422857828408	26.944375724971724	23.098095739428636
46	22.995767916908445	27.648030503298028	26.448369764629277	22.90783181516425
47	22.680522748228423	27.67806328642335	26.96407599534672	22.677337970001513
48	22.757138540323886	27.311359818531805	26.8124105712976	23.11909106984671
49	22.860326796637313	27.644922633504933	26.604101184150135	22.890649385707622
50	22.761709114861876	27.599948209581417	26.94302718858772	22.69531548696899
51	22.53884286977261	27.49620764425917	26.788192087473394	23.176757398494832
52	22.783252562511368	27.570011857499754	26.798754813944836	22.84798076604404
53	22.5963696401873	27.521159551445223	27.076812189076765	22.805658619290714
54	22.55295960630194	27.46352334167868	26.870407030876464	23.113110021142916
55	22.71756770036805	27.626557431470278	26.80356219630165	22.852312671860023
56	22.74617303974662	27.650373869685836	26.7599828940066	22.84347019656094
57	22.566652445758052	27.432806206791486	26.96427306694511	23.036268280505354
58	22.81090432115041	27.49081474287584	26.718073914589674	22.98020702138407
59	22.608660662375517	27.670287081236356	26.9908515592381	22.730200697150025
60	22.63091100757498	27.35300604916529	26.874381182888158	23.141701760371575
61	22.916877021479344	27.590390272519947	26.497699887996312	22.9950328180044
62	22.76369779107794	27.54786493212157	27.0031898833082	22.685247393492293
63	22.715049949618784	27.2418801206305	26.873564697115214	23.169505232635498
64	22.788169013849465	27.585934637976546	26.681112575228163	22.944783772945826
65	22.727039448567073	27.503524310201506	27.070562825653756	22.69887341557767
66	22.871567030288258	27.359801224866438	26.651191721693873	23.11744002315143
67	22.9627933841995	27.49698842219544	26.645827199041864	22.894390994563192
68	22.760499940443427	27.371421686883718	26.96421091697546	22.90386745569739
69	22.72704375073657	27.39663179104396	26.796004853978168	23.080319604241303
70	22.89765795323877	27.459656184929425	26.738945537806735	22.903740324025065
71	22.83441287508968	27.527635505561634	26.74840596118272	22.889545658165964
72	22.867103636506357	27.32030297144708	26.76087723130066	23.0517161607459
73	23.02884239552489	27.42225024855123	26.55484112068043	22.994066235243455
74	22.733320846095214	27.55398728272782	26.927516135717646	22.785175735459323
75	22.75608289970338	27.236625244925865	26.811715455139858	23.19557640023089
76	23.01594788893448	27.529304072135286	26.467086045586274	22.98766199334396
77	22.95185952299301	27.474075948394272	26.837232986739835	22.736831541872885
78	22.92570957202342	27.16044010013347	26.693862386246202	23.219987941596905
79	22.917116118128856	27.53317579042819	26.619148625740703	22.930559465702252
80	22.867236026980844	27.448287142183947	26.90111833866885	22.783358492166357
81	22.960042396993448	27.336553759131753	26.576171949796024	23.127231894078776
82	23.107720440256312	27.49787828277588	26.55236324880236	22.842038028165447
83	22.90453849188987	27.364428860571206	26.787675837068676	22.94335681047025
84	22.780973508996	27.233470122170168	26.697055020323518	23.288501348510316
85	22.976454433056908	27.448717424448212	26.640596009883023	22.934232132611857
86	22.99796661099134	27.4841716137475	26.618701575197367	22.899160200063793
87	23.004462370630947	27.25178859795366	26.660545529812374	23.083203501603016
88	23.067383492006435	27.337375534728515	26.506492113647358	23.08874885961769
89	22.895368068693323	27.47622322112199	26.770342853561612	22.858065856623075
90	22.95389286539554	27.206816596985938	26.6824655382431	23.156824999375424
91	23.16095483925455	27.393561432758627	26.289488386420974	23.155995341565845
92	23.058555915130245	27.28227720929526	26.667112969757746	22.992053905816753
93	23.06385630862479	27.00658876077795	26.50569544016551	23.423859490431752
94	22.987726489937785	27.313822749205226	26.507695367472138	23.190755393384855
95	22.959783721718775	27.172425267740113	26.746875682928096	23.120915327613016
96	23.08982821257796	27.038909596192013	26.356127967562433	23.51513422366759
97	23.219520783352156	27.286123179886218	26.38841258388	23.105943452881633
98	23.11837981173502	27.161846269308633	26.630144465592547	23.0896294533638
99	23.042833724569146	27.06287457283123	26.55126313233842	23.3430285702612
100	23.2524472867294	27.14055867231045	26.528542640468228	23.07845140049192
101	24.052024489863626	26.8733487293543	26.043005375968225	23.031621404813844
>>END_MODULE
>>Per base GC content	pass
#Base	%GC
1	46.517168579429594
2	41.30290259599874
3	43.505853919208185
4	47.26790861632723
5	44.13298473868981
6	47.660480296536
7	45.72303945941019
8	45.77112067852435
9	46.13178698426444
10	45.787935339918285
11	45.86260867702644
12	45.647827131891624
13	45.23121018575005
14	44.74548099225195
15	45.07768132747979
16	45.332509060995896
17	44.96928833369135
18	45.46332505601381
19	45.3459876622271
20	45.037000326978
21	45.78368241013535
22	45.55761318479083
23	45.31107718933533
24	45.6919125907559
25	45.46246421920048
26	45.4392348558258
27	45.72603162322668
28	45.76272781782511
29	45.32468382493003
30	45.79407129553753
31	45.831777309700264
32	45.3560488193912
33	46.0537693804182
34	45.68937628058622
35	45.25111779202514
36	46.002955949631556
37	45.81300201506642
38	45.626293930268346
39	45.73741888803922
40	45.715759796777114
41	45.60647365720772
42	45.75611177115029
43	45.80751965273374
44	45.431442879517874
45	45.61139569674419
46	45.9035997320727
47	45.35786071822994
48	45.8762296101706
49	45.750976182344935
50	45.45702460183087
51	45.71560026826744
52	45.6312333285554
53	45.402028259478016
54	45.666069627444855
55	45.56988037222807
56	45.589643236307566
57	45.6029207262634
58	45.791111342534485
59	45.338861359525545
60	45.772612767946555
61	45.91190983948374
62	45.448945184570235
63	45.88455518225428
64	45.73295278679529
65	45.42591286414474
66	45.98900705343969
67	45.857184378762696
68	45.66436739614082
69	45.80736335497787
70	45.801398277263836
71	45.72395853325565
72	45.918819797252254
73	46.02290863076834
74	45.518496581554544
75	45.95165929993427
76	46.00360988227844
77	45.68869106486589
78	46.14569751362033
79	45.847675583831105
80	45.6505945191472
81	46.08727429107222
82	45.949758468421756
83	45.84789530236012
84	46.069474857506314
85	45.91068656566877
86	45.89712681105513
87	46.08766587223396
88	46.15613235162413
89	45.7534339253164
90	46.11071786477096
91	46.3169501808204
92	46.050609820946995
93	46.48771579905654
94	46.17848188332264
95	46.08069904933179
96	46.60496243624555
97	46.325464236233785
98	46.20800926509882
99	46.385862294830346
100	46.33089868722132
101	47.083645894677474
>>END_MODULE
>>Per sequence GC content	fail
#GC Content	Count
0	5416.0
1	11703.0
2	22964.0
3	24969.5
4	17492.0
5	10811.0
6	8260.0
7	8061.5
8	8640.5
9	9503.0
10	10648.0
11	11893.5
12	13208.5
13	14361.0
14	15286.0
15	16492.0
16	18349.0
17	21296.0
18	26775.5
19	35908.0
20	62579.0
21	83174.0
22	99035.5
23	140386.5
24	199801.0
25	281690.0
26	386912.5
27	519552.0
28	686242.0
29	884532.0
30	1114126.5
31	1379803.5
32	1685648.0
33	2065249.0
34	2423251.0
35	2701444.0
36	2979825.0
37	3251197.5
38	3504614.0
39	3791494.5
40	4809724.0
41	4975780.0
42	4222849.5
43	4149567.5
44	4124498.5
45	4071159.5
46	3977241.5
47	3832055.0
48	3648644.5
49	3454281.0
50	3258191.0
51	3052613.0
52	2846222.0
53	2658675.5
54	2486666.5
55	2342521.0
56	2207403.0
57	2040771.5
58	1837663.0
59	1631647.5
60	1450683.5
61	1298962.0
62	1173462.5
63	1056485.5
64	941999.5
65	842218.0
66	754795.0
67	673367.0
68	594984.5
69	521121.0
70	453378.5
71	387006.0
72	324033.0
73	265730.5
74	212518.0
75	166652.5
76	127886.5
77	96245.5
78	71640.5
79	52634.0
80	38256.5
81	27730.5
82	20129.5
83	14523.5
84	10416.0
85	7645.0
86	5535.5
87	3945.5
88	2913.5
89	2115.0
90	1497.0
91	1048.0
92	712.5
93	495.0
94	331.0
95	214.0
96	144.0
97	82.0
98	41.0
99	17.5
100	5.5
>>END_MODULE
>>Per base N content	pass
#Base	N-Count
1	0.006218468898003554
2	0.006070995327299912
3	0.004009201367654769
4	0.0046463628205666565
5	0.028173124064807223
6	0.0777611122139067
7	0.08423765986064163
8	0.09718602843710175
9	0.10721706727515523
10	0.09197813163577893
11	0.07947880117524335
12	0.06311018017054108
13	0.07328396586228847
14	0.10154595220687865
15	0.10885912876433615
16	1.2610748633888975
17	0.1150057515637918
18	0.12166853186071015
19	0.09900865051605445
20	0.08753879902023853
21	0.24813373614289647
22	0.239672912695476
23	0.9101104533558774
24	0.15322314927427974
25	0.11896012301413365
26	0.1318357001486439
27	0.144555295621833
28	0.167897714902694
29	0.1822385743102212
30	0.22722463077864552
31	0.2473320849380459
32	0.27730419749675717
33	0.31756731832905716
34	0.33868628992854016
35	0.3487787760877202
36	0.38545999077004517
37	0.38754636365814094
38	0.4089338127837767
39	0.4118029300086841
40	0.41742961393706923
41	0.430471571510322
42	0.3995021216625573
43	0.4268565783412789
44	0.3999596678690993
45	0.3528446980594917
46	0.27872788466008847
47	0.23483748119452005
48	0.20591753584217515
49	0.17377586017599686
50	0.13282452934707986
51	0.11197687130395544
52	0.1089111226514432
53	0.11851013955480716
54	0.14588822981857744
55	0.17713182925290666
56	0.18902897596640234
57	0.20018497345277203
58	0.20113598891513015
59	0.22250925788973677
60	0.2398506372550419
61	0.25098867321677465
62	0.2664752888274609
63	0.28443586812104094
64	0.29921064015006155
65	0.3104564452596162
66	0.32817596198569987
67	0.34991318817005584
68	0.37291244779601035
69	0.3891033442411467
70	0.3735316477242852
71	0.3555814672081266
72	0.3426784751149599
73	0.3419751396239118
74	0.33720304613088625
75	0.32341048589648796
76	0.31513211372564315
77	0.3148598548258826
78	0.3149969296191648
79	0.3417369130866213
80	0.35733602456213914
81	0.3448206232637705
82	0.3391939393353854
83	0.35960673941361443
84	0.37446659234881025
85	0.36372654595929693
86	0.3655482226948477
87	0.3681914028466899
88	0.38778459019543143
89	0.40016669807412564
90	0.4071423870370882
91	0.42390899761400996
92	0.44626447838323896
93	0.48037814038587745
94	0.49651704294390675
95	0.4897086797630886
96	0.4589472054637521
97	0.39618491166512726
98	0.3801320353566751
99	0.37068332805422066
100	0.2851023352194132
101	0.2732430022419953
>>END_MODULE
>>Sequence Length Distribution	pass
#Length	Count
101	1.05781666E8
>>END_MODULE
>>Sequence Duplication Levels	pass
#Total Duplicate Percentage	19.692822827194636
#Duplication Level	Relative count
1	100.0
2	7.953398715322469
3	2.7947476871574546
4	1.343895968916363
5	0.8598758829892017
6	0.6465686541099408
7	0.48039446730598406
8	0.4030479367208697
9	0.33839107130987556
10++	6.033633655409121
>>END_MODULE
>>Overrepresented sequences	warn
#Sequence	Count	Percentage	Possible Source
AACCTAACCTAACCTAACCTAACCTAACCTAACCTAACCTAACCTAACCT	507951	0.4801881263620862	No Hit
CTAACCTAACCTAACCTAACCTAACCTAACCTAACCTAACCTAACCTAAC	472993	0.4471408117168433	No Hit
CCTAACCTAACCTAACCTAACCTAACCTAACCTAACCTAACCTAACCTAA	395141	0.37354393718851053	No Hit
ACCTAACCTAACCTAACCTAACCTAACCTAACCTAACCTAACCTAACCTA	390676	0.36932297889881976	No Hit
TAACCTAACCTAACCTAACCTAACCTAACCTAACCTAACCTAACCTAACC	326392	0.30855252364809604	No Hit
GTTAGGTTAGGTTAGGTTAGGTTAGGTTAGGTTAGGTTAGGTTAGGTTAG	126441	0.11953016508550736	No Hit
GGTTAGGTTAGGTTAGGTTAGGTTAGGTTAGGTTAGGTTAGGTTAGGTTA	121208	0.11458318306312174	No Hit
>>END_MODULE
>>Kmer Content	warn
#Sequence	Count	Obs/Exp Overall	Obs/Exp Max	Max Obs/Exp Position
ACCTA	59027125	5.4215617	6.720834	2
CTAAC	58696600	5.391204	6.5810432	54
AACCT	57213415	5.2549753	6.6316757	1
CCTAA	56359630	5.176556	6.43977	23
TAACC	55975450	5.14127	6.3636165	25
CATCA	41420235	3.8043926	4.6100554	60
TCATC	39406485	3.7300425	4.6138783	53
TGATG	38272270	3.658907	3.8546922	44
GATGA	36487715	3.384859	3.677115	73
ATCAT	38325530	3.0185025	3.6383317	76
>>END_MODULE
