##FastQC	0.10.0
>>Basic Statistics	pass
#Measure	Value	
Filename	120406_0171_AD0T2DACXX_1_SA-PE-042_1.sanfastq.gz	
File type	Conventional base calls	
Encoding	Sanger / Illumina 1.9	
Total Sequences	43725933	
Filtered Sequences	0	
Sequence length	101	
%GC	45	
>>END_MODULE
>>Per base sequence quality	fail
#Base	Mean	Median	Lower Quartile	Upper Quartile	10th Percentile	90th Percentile
1	31.735756947713387	31.0	31.0	34.0	30.0	34.0
2	31.987579041480945	31.0	31.0	34.0	30.0	34.0
3	32.10982988058825	33.0	31.0	34.0	30.0	34.0
4	35.72078882799367	37.0	35.0	37.0	33.0	37.0
5	35.59974848335426	37.0	35.0	37.0	33.0	37.0
6	35.570877515638145	37.0	35.0	37.0	33.0	37.0
7	35.55264634376126	37.0	35.0	37.0	33.0	37.0
8	35.525610099617545	37.0	35.0	37.0	33.0	37.0
9	37.1393788898684	39.0	37.0	39.0	33.0	39.0
10	37.15646623252156	39.0	37.0	39.0	33.0	39.0
11	37.13254443307133	39.0	37.0	39.0	33.0	39.0
12	37.09286980794669	39.0	37.0	39.0	33.0	39.0
13	37.09326081161036	39.0	37.0	39.0	33.0	39.0
14	38.30904804249688	40.0	38.0	41.0	33.0	41.0
15	38.27160008226697	40.0	38.0	41.0	33.0	41.0
16	38.23559062764881	40.0	38.0	41.0	33.0	41.0
17	38.188866295888985	40.0	37.0	41.0	33.0	41.0
18	38.12323805646411	40.0	37.0	41.0	33.0	41.0
19	38.13631485004562	40.0	37.0	41.0	33.0	41.0
20	38.07781165012534	40.0	37.0	41.0	33.0	41.0
21	38.01830154201627	40.0	37.0	41.0	33.0	41.0
22	37.95198807993417	40.0	37.0	41.0	33.0	41.0
23	37.87698705022486	40.0	37.0	41.0	33.0	41.0
24	37.79409793268448	40.0	37.0	41.0	32.0	41.0
25	37.68654900971467	39.0	37.0	41.0	32.0	41.0
26	37.74882495932105	39.0	37.0	41.0	32.0	41.0
27	37.715300803301325	40.0	37.0	41.0	32.0	41.0
28	37.674783451733326	40.0	37.0	41.0	32.0	41.0
29	37.605871989055096	40.0	37.0	41.0	32.0	41.0
30	37.56056258422205	40.0	37.0	41.0	32.0	41.0
31	37.50381388088391	39.0	37.0	41.0	32.0	41.0
32	37.40733360680949	39.0	36.0	41.0	31.0	41.0
33	37.308430239784705	39.0	36.0	41.0	31.0	41.0
34	37.19916448666744	39.0	36.0	41.0	31.0	41.0
35	37.1374304809002	39.0	36.0	41.0	31.0	41.0
36	37.060973244413105	39.0	36.0	41.0	31.0	41.0
37	36.954199101937974	39.0	36.0	41.0	30.0	41.0
38	36.86500075367174	39.0	35.0	41.0	30.0	41.0
39	36.77280971912023	39.0	35.0	41.0	30.0	41.0
40	36.70186088424917	39.0	35.0	40.0	30.0	41.0
41	36.61253117229082	39.0	35.0	40.0	30.0	41.0
42	36.45238277705818	39.0	35.0	40.0	30.0	41.0
43	36.33990590892594	38.0	35.0	40.0	30.0	41.0
44	36.1778559876584	38.0	35.0	40.0	30.0	41.0
45	36.07268775717147	38.0	35.0	40.0	29.0	41.0
46	35.95009039601282	38.0	34.0	40.0	29.0	41.0
47	35.97295437926962	38.0	35.0	40.0	29.0	41.0
48	35.92094929112204	38.0	34.0	40.0	29.0	41.0
49	35.86473926125259	38.0	34.0	40.0	29.0	41.0
50	35.76674112362565	38.0	34.0	40.0	28.0	41.0
51	35.687797902448416	38.0	34.0	40.0	28.0	41.0
52	35.464398895730824	38.0	34.0	40.0	28.0	41.0
53	35.30166013838973	38.0	34.0	40.0	28.0	41.0
54	35.111953997642544	37.0	34.0	40.0	27.0	41.0
55	34.99298866876094	37.0	33.0	40.0	27.0	41.0
56	34.84370080793931	37.0	33.0	40.0	27.0	41.0
57	34.681133847961576	37.0	33.0	40.0	26.0	41.0
58	34.47905941766869	37.0	33.0	40.0	26.0	41.0
59	34.311982388117364	36.0	33.0	40.0	26.0	41.0
60	34.126165449688635	36.0	33.0	39.0	26.0	41.0
61	33.950293959422204	36.0	33.0	39.0	26.0	41.0
62	33.711768254321754	36.0	32.0	39.0	25.0	41.0
63	33.549015889495145	35.0	32.0	39.0	25.0	41.0
64	33.325905338600776	35.0	32.0	39.0	24.0	41.0
65	33.191027301807374	35.0	32.0	39.0	24.0	40.0
66	33.013072722770715	35.0	32.0	39.0	23.0	40.0
67	32.79815467859771	35.0	31.0	38.0	23.0	40.0
68	32.575850148240406	35.0	31.0	38.0	23.0	40.0
69	32.32364926324156	35.0	31.0	37.0	22.0	40.0
70	32.131336705839985	35.0	31.0	37.0	22.0	40.0
71	31.95067089820588	35.0	31.0	37.0	22.0	39.0
72	31.71546347564499	35.0	31.0	37.0	21.0	39.0
73	31.457587788921508	34.0	30.0	36.0	20.0	39.0
74	31.183578587105277	34.0	30.0	36.0	20.0	39.0
75	30.985411723518855	34.0	30.0	36.0	20.0	39.0
76	30.55679086367351	34.0	29.0	35.0	20.0	38.0
77	30.618254366350513	34.0	30.0	35.0	19.0	38.0
78	30.561657586585973	34.0	30.0	35.0	19.0	37.0
79	30.380226855308038	34.0	30.0	35.0	18.0	37.0
80	30.192562088955313	34.0	29.0	35.0	18.0	37.0
81	30.044155055536493	34.0	29.0	35.0	17.0	37.0
82	29.792961879166764	34.0	29.0	35.0	13.0	36.0
83	29.573472405951865	34.0	29.0	35.0	11.0	36.0
84	29.30972507779308	34.0	29.0	35.0	7.0	36.0
85	29.106133149863265	34.0	29.0	35.0	7.0	36.0
86	28.885795804517194	34.0	29.0	35.0	6.0	36.0
87	28.647156802806244	33.0	28.0	35.0	2.0	36.0
88	28.410877361953602	33.0	27.0	35.0	2.0	35.0
89	28.237765424010508	33.0	27.0	35.0	2.0	35.0
90	28.031271808425448	33.0	27.0	35.0	2.0	35.0
91	27.883743361176535	33.0	27.0	35.0	2.0	35.0
92	27.606166185178942	33.0	26.0	35.0	2.0	35.0
93	27.366409197031885	33.0	26.0	35.0	2.0	35.0
94	27.063159544245746	33.0	25.0	35.0	2.0	35.0
95	26.805401842426097	33.0	25.0	35.0	2.0	35.0
96	26.50928484476249	33.0	25.0	35.0	2.0	35.0
97	26.138017318006685	33.0	24.0	35.0	2.0	35.0
98	25.673735263693516	32.0	23.0	35.0	2.0	35.0
99	25.11926945046547	32.0	19.0	35.0	2.0	35.0
100	24.443440349231658	32.0	2.0	35.0	2.0	35.0
101	20.761594429557398	26.0	2.0	32.0	2.0	34.0
>>END_MODULE
>>Per sequence quality scores	pass
#Quality	Count
2	359.0
3	333.0
4	677.0
5	1718.0
6	4658.0
7	12088.0
8	26808.0
9	42593.0
10	58497.0
11	76096.0
12	96207.0
13	116787.0
14	138940.0
15	161704.0
16	184308.0
17	208457.0
18	234581.0
19	261706.0
20	291952.0
21	327071.0
22	370029.0
23	425301.0
24	496887.0
25	589611.0
26	705177.0
27	850309.0
28	1022215.0
29	1234874.0
30	1482772.0
31	1795169.0
32	2197479.0
33	2737680.0
34	3486321.0
35	4525724.0
36	5954786.0
37	7193733.0
38	5496806.0
39	911804.0
40	3716.0
>>END_MODULE
>>Per base sequence content	warn
#Base	G	A	T	C
1	25.490000824642173	33.68317092031622	21.598714839559506	19.228113415482092
2	22.489162769356074	31.831528687287474	30.275826257214582	15.403482286141863
3	20.095582637424798	29.38966676823111	31.00171241629081	19.513038178053286
4	21.855437595808418	30.101468618176767	29.35794874862933	18.68514503738548
5	22.199096357760965	29.712219062312517	28.556136240706405	19.532548339220117
6	22.654855643674885	29.773368129160332	26.518215174505254	21.05356105265953
7	23.78841864849402	29.39326417574669	27.31143324031531	19.506883935443987
8	21.95651491301512	28.88065533101375	28.16634924633855	20.99648050963258
9	22.21181192405889	28.642531195389243	28.281763593243397	20.86389328730847
10	22.7217816026933	29.090112268159036	27.628181198557844	20.55992493058982
11	22.717783975015468	29.36962374250539	27.28610044753076	20.626491834948382
12	23.115742321610384	28.720446056576996	27.478574327962313	20.68523729385031
13	22.98004252991011	28.67759048160276	27.670615970618627	20.6717510178685
14	22.276078134227575	29.27059783950179	27.943934323825637	20.509389702445
15	22.594436121008556	28.928377583161	27.72824081306624	20.748945482764196
16	23.23503766060292	29.17274057937197	26.87131684531466	20.720904914710452
17	23.151892493637586	28.775527785765025	27.410120671410258	20.662459049187127
18	23.258474553304556	28.329865482801704	27.415069679588083	20.996590284305654
19	22.87493099346788	28.90382236097741	27.4238790971024	20.79736754845231
20	22.97983898937045	28.636141394627302	27.491335633707347	20.8926839822949
21	23.394403042240402	28.770176270452595	26.631198469795947	21.20422221751106
22	23.573182532205774	28.55031132211633	26.9897179781161	20.886788167561797
23	23.350559495208483	28.35293417295407	27.308629412207168	20.98787691963028
24	22.973851695743118	28.722998317726006	27.200300105660407	21.102849880870465
25	23.20896637399346	28.676069231709906	27.189155958060212	20.925808436236423
26	23.494742759688485	28.900369432148874	26.62543443195833	20.979453376204315
27	23.833838873537978	28.244499517027194	26.825088731043156	21.096572878391672
28	23.9046868234159	28.117893937138618	26.890931475585404	21.086487763860077
29	23.159871831503605	28.610497893564084	27.175636303148654	21.053993971783655
30	23.488372406828777	28.228906797410712	26.993289842806213	21.289430952954298
31	23.948409575557335	28.657057755604164	26.205778236216215	21.18875443262229
32	23.836852029992144	28.41506435505628	26.78247634883613	20.965607266115445
33	23.82033576676591	27.907145826055764	26.947018604070145	21.325499803108176
34	23.408413511907302	28.584404321119365	26.871493952662245	21.13568821431108
35	23.495706068550316	28.39111861767224	27.025449632867442	21.08772568091
36	23.963406338293574	28.513916444047062	26.160338305417064	21.362338912242308
37	24.233900280641237	28.243941644424147	26.416721628329803	21.105436446604813
38	23.870358581027876	28.08329327129509	26.914160985427117	21.132187162249917
39	23.489218629137085	28.2890132956111	26.9611376845864	21.26063039066542
40	23.861487415259955	28.162232696098215	26.746896401272902	21.229383487368924
41	23.992971483793394	28.501597406679508	26.231332790801748	21.274098318725354
42	24.18039954318032	27.955419075704686	26.525951379674424	21.338230001440568
43	24.134202611709288	27.846952965809496	26.695975496469266	21.322868926011953
44	23.444415481067686	28.392249613831382	26.95319033983616	21.21014456526477
45	23.671395055060724	28.110531057757587	26.871756496669345	21.34631739051234
46	24.236638471733215	28.48713846773096	26.02189805227402	21.254325008261798
47	24.2001718397943	28.1293679349615	26.547146476695318	21.123313748548878
48	24.13651392150371	27.804726522336985	26.62137835204869	21.437381204110608
49	23.773735899705546	28.33329918074028	26.569888738170246	21.323076181383936
50	23.81902231141769	28.16287068934702	26.744166766475647	21.273940232759646
51	24.216055035349388	28.382795171002982	25.971932948806376	21.429216844841253
52	24.387947202537262	28.021999072419764	26.300717194683	21.28933653035998
53	24.10148184512113	27.849384711040432	26.66607723492614	21.3830562089123
54	23.69879015098189	28.097700117459762	26.741246535380792	21.46226319617756
55	23.975465583005615	28.107897624969947	26.53515466076552	21.38148213125892
56	24.280819872766564	28.35356915286201	25.99015936232474	21.375451612046685
57	24.372589877100744	27.873749297589473	26.360622654200412	21.393038171109378
58	24.324234014554637	27.869167854646566	26.45782235102897	21.34877577976983
59	23.708860782364628	28.335385277375636	26.661558362436814	21.294195577822922
60	24.04347604731652	27.89093145164592	26.510693222305225	21.554899278732336
61	24.47024590254481	28.278160270688048	25.737931426917136	21.513662399850002
62	24.480424465728383	27.963492511411935	26.245598921811457	21.310484101048228
63	24.399806403216143	27.561538824111544	26.521682224596553	21.51697254807576
64	23.916232959511692	28.155177386380753	26.492342656244748	21.436246997862803
65	23.980149262909954	28.002393911183095	26.609593441951258	21.407863383955693
66	24.45760276859044	28.12449079131142	25.857300746447194	21.56060569365095
67	24.667160332519376	27.874757984009168	26.062183738880996	21.395897944590455
68	24.39761090975463	27.70342716300645	26.410965318910407	21.487996608328515
69	23.99038575117425	28.07854094273986	26.426322338279206	21.50475096780668
70	24.287760766591305	27.949347587391678	26.285982279669142	21.476909366347883
71	24.494475623882057	28.20983831265533	25.789018612821824	21.50666745064079
72	24.64180695698363	27.72063891695576	26.09008251464869	21.54747161141193
73	24.575336105464004	27.647597593858087	26.220981951374256	21.55608434930365
74	23.976140200370338	28.13052611135822	26.478618535137947	21.414715153133496
75	24.23327136324341	27.903795672010016	26.352576627695974	21.510356337050602
76	24.5433871016543	28.29107843164833	25.597253693820555	21.568280772876818
77	24.664354217438884	27.928753401328223	25.99952298330604	21.407369397926853
78	24.65521090196063	27.62453119067808	26.09487600870632	21.625381898654968
79	24.23152946893464	28.17007387325065	26.064332200103358	21.534064457711356
80	24.308167198642554	27.997108151537358	26.15217341686688	21.542551232953205
81	24.764041055453294	28.129894906988035	25.43406220743191	21.672001830126757
82	24.915205916270093	27.91934341565032	25.695992089636157	21.469458578443433
83	24.63950168884904	27.71861265944857	26.078441825357963	21.563443826344425
84	24.188442131126166	28.02369477170447	26.168331273800376	21.619531823368984
85	24.44903577014583	27.96323408353574	26.058794445849788	21.528935700468644
86	24.70143290024252	28.23020151451085	25.50748545491299	21.56088013033364
87	24.894108034241373	27.785721576255444	25.74991138553865	21.570259003964534
88	24.81904960152594	27.714454943705835	25.825955503339404	21.640539951428824
89	24.29502077278497	28.161388122107812	25.988481699364087	21.555109405743135
90	24.55545380086254	27.843917057669298	25.848682434021757	21.751946707446404
91	24.993968682154822	28.156901763536986	25.133448839159133	21.715680715149063
92	25.013943098709866	27.80851125578041	25.599389726000815	21.57815591950891
93	24.886869766735455	27.48596353564371	25.773734776568404	21.853431921052433
94	24.43998164658945	28.063165627592213	25.80785183017135	21.689000895646984
95	24.52877792224582	27.858550210924033	25.976079229687333	21.636592637142815
96	24.882478779812427	27.979684275690587	25.25688131114321	21.880955633353782
97	25.11510503389373	27.829425617973662	25.43104111694998	21.624428231182627
98	24.8617336535735	27.640924208524037	25.74952717418288	21.747814963719588
99	24.599841014255773	27.877934588611293	25.619759788773404	21.90246460835953
100	24.786169799967446	27.83896686664182	25.586324252932464	21.78853908045827
101	25.77433853727032	27.849139319680155	23.793612362713905	22.58290978033562
>>END_MODULE
>>Per base GC content	warn
#Base	%GC
1	44.718114240124265
2	37.89264505549794
3	39.60862081547808
4	40.5405826331939
5	41.73164469698108
6	43.70841669633442
7	43.295302583938
8	42.9529954226477
9	43.07570521136736
10	43.28170653328312
11	43.34427580996385
12	43.8009796154607
13	43.65179354777862
14	42.785467836672574
15	43.34338160377275
16	43.95594257531337
17	43.81435154282472
18	44.25506483761021
19	43.67229854192019
20	43.87252297166535
21	44.598625259751465
22	44.45997069976757
23	44.33843641483877
24	44.07670157661359
25	44.134774810229885
26	44.474196135892804
27	44.93041175192965
28	44.99117458727598
29	44.21386580328726
30	44.77780335978308
31	45.13716400817962
32	44.802459296107585
33	45.145835569874095
34	44.544101726218386
35	44.58343174946032
36	45.325745250535874
37	45.33933672724605
38	45.00254574327779
39	44.749849019802504
40	45.09087090262888
41	45.26706980251875
42	45.518629544620886
43	45.45707153772124
44	44.654560046332456
45	45.01771244557307
46	45.49096347999502
47	45.32348558834318
48	45.573895125614314
49	45.096812081089475
50	45.09296254417734
51	45.64527188019064
52	45.67728373289724
53	45.48453805403343
54	45.161053347159445
55	45.356947714264535
56	45.656271484813246
57	45.765628048210125
58	45.67300979432447
59	45.00305636018755
60	45.59837532604886
61	45.98390830239481
62	45.79090856677661
63	45.9167789512919
64	45.35247995737449
65	45.38801264686565
66	46.01820846224139
67	46.06305827710983
68	45.88560751808315
69	45.49513671898093
70	45.76467013293919
71	46.00114307452285
72	46.18927856839556
73	46.13142045476765
74	45.39085535350383
75	45.74362770029401
76	46.111667874531115
77	46.07172361536574
78	46.2805928006156
79	45.76559392664599
80	45.85071843159576
81	46.43604288558005
82	46.384664494713526
83	46.20294551519347
84	45.807973954495154
85	45.97797147061448
86	46.26231303057616
87	46.46436703820591
88	46.45958955295477
89	45.850130178528104
90	46.307400508308945
91	46.709649397303885
92	46.592099018218775
93	46.740301687787884
94	46.128982542236436
95	46.165370559388634
96	46.76343441316621
97	46.73953326507635
98	46.609548617293086
99	46.5023056226153
100	46.57470888042572
101	48.35724831760594
>>END_MODULE
>>Per sequence GC content	fail
#GC Content	Count
0	1.0
1	0.5
2	1.5
3	1.5
4	1.5
5	3.5
6	2.5
7	4.5
8	7.5
9	9.5
10	16.0
11	28.0
12	44.0
13	68.0
14	125.0
15	269.5
16	642.0
17	1568.0
18	3676.0
19	7895.0
20	18873.0
21	31769.0
22	49003.0
23	78823.5
24	119570.0
25	174106.5
26	240954.0
27	320512.0
28	413568.0
29	517546.5
30	630227.5
31	749552.5
32	875396.0
33	1031127.0
34	1157097.0
35	1234301.0
36	1319746.5
37	1391984.0
38	1447436.0
39	1502420.0
40	2314352.5
41	2501701.0
42	1789733.5
43	1621803.5
44	1530099.0
45	1458349.0
46	1405781.5
47	1356444.5
48	1302313.0
49	1242542.0
50	1189156.5
51	1116712.0
52	1022074.0
53	945287.5
54	884722.5
55	843590.5
56	802603.0
57	737577.5
58	650093.0
59	569340.5
60	510730.0
61	463412.0
62	424644.0
63	392885.5
64	364000.5
65	340490.0
66	320987.5
67	300477.0
68	277892.5
69	255787.5
70	234286.5
71	212887.0
72	187891.5
73	162002.5
74	139575.5
75	117109.5
76	95392.5
77	77311.0
78	62971.0
79	49301.0
80	37513.5
81	28673.0
82	21552.5
83	15615.0
84	10735.5
85	6965.5
86	4512.0
87	2858.0
88	1838.5
89	1151.5
90	707.5
91	449.0
92	269.0
93	168.5
94	106.0
95	62.0
96	34.5
97	20.5
98	10.0
99	2.5
100	0.0
>>END_MODULE
>>Per base N content	pass
#Base	N-Count
1	0.050608411260201124
2	0.006968404767944002
3	0.0
4	0.0
5	0.0
6	0.0
7	0.0
8	0.0
9	0.0
10	0.0
11	0.0
12	0.0
13	0.0
14	0.0
15	0.0
16	0.0
17	0.0
18	0.0
19	0.0
20	0.0
21	0.0
22	0.0
23	0.0
24	0.0
25	0.002415042807662903
26	0.022071570205260113
27	0.011537775534715291
28	0.010211331568385287
29	0.005836353451852017
30	0.0037094691610125275
31	0.001571150008394332
32	0.0035493810961106306
33	0.003236065883374061
34	9.399456382097097E-4
35	8.461797716243127E-5
36	0.0
37	0.0
38	0.0
39	0.0
40	0.0
41	1.3950531370022454E-4
42	3.338979639382423E-4
43	7.226832644142779E-4
44	4.91699056484398E-4
45	0.002351007581702145
46	0.001333304883397228
47	7.364050985487262E-4
48	0.004063949876152443
49	0.0013836182752235383
50	0.0016969334879601084
51	0.0
52	0.013095203708975175
53	0.026329912731650574
54	0.006572758550400742
55	0.003567676874956562
56	0.003965610064855563
57	0.0034373194506793028
58	0.005831779507140534
59	0.005388106870126705
60	0.0072977287871707625
61	0.005470437874933395
62	0.0
63	0.0
64	0.0
65	0.0
66	0.0
67	0.0
68	0.0
69	0.0
70	0.0
71	0.0
72	0.0
73	0.0
74	0.0
75	0.0
76	0.0
77	0.0
78	0.0
79	0.0017586817415651257
80	6.1062161898295E-4
81	0.0
82	1.1434861778706929E-5
83	0.0
84	0.0
85	0.0
86	0.0
87	0.0
88	0.0
89	4.848381394171738E-4
90	0.0021726237379543164
91	0.0
92	0.0
93	0.0
94	0.0
95	0.0
96	0.0
97	0.0
98	0.0
99	0.0
100	0.0
101	0.0
>>END_MODULE
>>Sequence Length Distribution	pass
#Length	Count
101	4.3725933E7
>>END_MODULE
>>Sequence Duplication Levels	warn
#Total Duplicate Percentage	45.973236177621985
#Duplication Level	Relative count
1	100.0
2	29.27072246583507
3	10.56239090638171
4	4.927412831538167
5	2.953723019285623
6	2.1150325684362894
7	1.6773809016986674
8	1.3112520754395676
9	1.0515560475116013
10++	16.42300651368726
>>END_MODULE
>>Overrepresented sequences	warn
#Sequence	Count	Percentage	Possible Source
AGGTTAGGTTAGGTTAGGTTAGGTTAGGTTAGGTTAGGTTAGGTTAGGTT	389528	0.8908397677872305	No Hit
GTTAGGTTAGGTTAGGTTAGGTTAGGTTAGGTTAGGTTAGGTTAGGTTAG	357386	0.8173319023289908	No Hit
GGTTAGGTTAGGTTAGGTTAGGTTAGGTTAGGTTAGGTTAGGTTAGGTTA	337470	0.7717845608920455	No Hit
TAGGTTAGGTTAGGTTAGGTTAGGTTAGGTTAGGTTAGGTTAGGTTAGGT	268737	0.6145940899648727	No Hit
CTAACCTAACCTAACCTAACCTAACCTAACCTAACCTAACCTAACCTAAC	190120	0.43479918427355224	No Hit
AACCTAACCTAACCTAACCTAACCTAACCTAACCTAACCTAACCTAACCT	187894	0.42970838380967197	No Hit
TTAGGTTAGGTTAGGTTAGGTTAGGTTAGGTTAGGTTAGGTTAGGTTAGG	185614	0.42449408683858153	No Hit
ACCTAACCTAACCTAACCTAACCTAACCTAACCTAACCTAACCTAACCTA	134643	0.3079248188940874	No Hit
CCTAACCTAACCTAACCTAACCTAACCTAACCTAACCTAACCTAACCTAA	133407	0.30509812106239104	No Hit
TAACCTAACCTAACCTAACCTAACCTAACCTAACCTAACCTAACCTAACC	108142	0.24731776449458492	No Hit
>>END_MODULE
>>Kmer Content	warn
#Sequence	Count	Obs/Exp Overall	Obs/Exp Max	Max Obs/Exp Position
GTTAG	34993725	7.2177763	9.444805	8
TAGGT	34671600	7.1513343	9.454007	5
AGGTT	34083665	7.0300674	9.292157	6
TTAGG	34008665	7.014598	9.218735	4
GGTTA	33746960	6.960618	9.152213	12
ACCTA	18696715	4.6022043	5.7663903	9
CTAAC	18477290	4.548193	5.799151	1
AACCT	18098635	4.4549866	5.609648	18
CCTAA	17546585	4.3190994	5.4754686	10
TAACC	17424155	4.288963	5.482182	2
TGATG	16770090	3.4589844	3.8792691	29
GATGA	16592500	3.202665	3.5400305	48
>>END_MODULE
