##FastQC	0.10.0
>>Basic Statistics	pass
#Measure	Value	
Filename	120406_0171_AD0T2DACXX_1_SA-PE-041_1.sanfastq.gz	
File type	Conventional base calls	
Encoding	Sanger / Illumina 1.9	
Total Sequences	142236890	
Filtered Sequences	0	
Sequence length	101	
%GC	45	
>>END_MODULE
>>Per base sequence quality	pass
#Base	Mean	Median	Lower Quartile	Upper Quartile	10th Percentile	90th Percentile
1	31.93397242445332	31.0	31.0	34.0	30.0	34.0
2	32.19244998959131	34.0	31.0	34.0	30.0	34.0
3	32.30848959085087	34.0	31.0	34.0	30.0	34.0
4	35.88344996153951	37.0	35.0	37.0	35.0	37.0
5	35.758825175381716	37.0	35.0	37.0	33.0	37.0
6	35.72550367910885	37.0	35.0	37.0	33.0	37.0
7	35.71210872228716	37.0	35.0	37.0	33.0	37.0
8	35.69249000733917	37.0	35.0	37.0	33.0	37.0
9	37.34966322731044	39.0	37.0	39.0	34.0	39.0
10	37.36251884444324	39.0	37.0	39.0	34.0	39.0
11	37.34036186392996	39.0	37.0	39.0	34.0	39.0
12	37.30573446171383	39.0	37.0	39.0	34.0	39.0
13	37.309337169843914	39.0	37.0	39.0	34.0	39.0
14	38.59833714727593	40.0	38.0	41.0	34.0	41.0
15	38.55758313472686	40.0	38.0	41.0	34.0	41.0
16	38.52579721758539	40.0	38.0	41.0	34.0	41.0
17	38.49201939806192	40.0	38.0	41.0	34.0	41.0
18	38.43835600595598	40.0	38.0	41.0	33.0	41.0
19	38.4580050505885	40.0	38.0	41.0	34.0	41.0
20	38.40551152376855	40.0	38.0	41.0	34.0	41.0
21	38.3523212367762	40.0	38.0	41.0	34.0	41.0
22	38.299909847578924	40.0	38.0	41.0	34.0	41.0
23	38.23788836356025	40.0	38.0	41.0	33.0	41.0
24	38.18070151843168	40.0	38.0	41.0	33.0	41.0
25	38.08106182580342	40.0	37.0	41.0	33.0	41.0
26	38.1411801326646	40.0	38.0	41.0	33.0	41.0
27	38.12905739854126	40.0	38.0	41.0	33.0	41.0
28	38.10591495638016	40.0	38.0	41.0	33.0	41.0
29	38.06269787676038	40.0	37.0	41.0	33.0	41.0
30	38.0193812730298	40.0	37.0	41.0	33.0	41.0
31	37.97198033505935	40.0	37.0	41.0	33.0	41.0
32	37.90563223085094	40.0	37.0	41.0	33.0	41.0
33	37.8272850946052	40.0	37.0	41.0	33.0	41.0
34	37.752111424820946	40.0	37.0	41.0	32.0	41.0
35	37.69233995484575	40.0	37.0	41.0	32.0	41.0
36	37.628294059297836	40.0	37.0	41.0	32.0	41.0
37	37.55363459507586	40.0	37.0	41.0	32.0	41.0
38	37.48938208646154	40.0	37.0	41.0	32.0	41.0
39	37.42739531214441	40.0	36.0	41.0	31.0	41.0
40	37.357340208999226	39.0	36.0	41.0	31.0	41.0
41	37.275700185795685	39.0	36.0	41.0	31.0	41.0
42	37.150350580640506	39.0	36.0	41.0	31.0	41.0
43	37.0618043040733	39.0	36.0	41.0	31.0	41.0
44	36.94013772376491	39.0	35.0	41.0	31.0	41.0
45	36.83082597629912	39.0	35.0	41.0	30.0	41.0
46	36.71746230531334	39.0	35.0	41.0	30.0	41.0
47	36.777080889493575	39.0	35.0	41.0	30.0	41.0
48	36.748125679632054	39.0	35.0	41.0	30.0	41.0
49	36.71471476914322	39.0	35.0	41.0	30.0	41.0
50	36.61870056354579	39.0	35.0	41.0	30.0	41.0
51	36.544875123464806	39.0	35.0	41.0	30.0	41.0
52	36.36806071898788	38.0	35.0	40.0	30.0	41.0
53	36.23281588201204	38.0	35.0	40.0	30.0	41.0
54	36.07907927401956	38.0	35.0	40.0	30.0	41.0
55	35.955522494902695	38.0	35.0	40.0	29.0	41.0
56	35.81876122994534	38.0	34.0	40.0	29.0	41.0
57	35.6949377056824	38.0	34.0	40.0	29.0	41.0
58	35.52637644144216	37.0	34.0	40.0	29.0	41.0
59	35.39225046329402	37.0	34.0	40.0	28.0	41.0
60	35.208503384740766	37.0	34.0	40.0	28.0	41.0
61	35.041259324497325	37.0	34.0	40.0	28.0	41.0
62	34.849750349575274	36.0	34.0	40.0	28.0	41.0
63	34.715364607592306	36.0	33.0	39.0	28.0	41.0
64	34.53526238516604	36.0	33.0	39.0	27.0	41.0
65	34.38881378100998	36.0	33.0	39.0	28.0	41.0
66	34.21457070665704	35.0	33.0	39.0	27.0	41.0
67	34.039080487488164	35.0	33.0	39.0	27.0	40.0
68	33.8447721262747	35.0	33.0	38.0	26.0	40.0
69	33.64082309448695	35.0	33.0	38.0	26.0	40.0
70	33.44971239880174	35.0	33.0	38.0	26.0	40.0
71	33.279740501919015	35.0	32.0	37.0	26.0	40.0
72	33.09707331199382	35.0	32.0	37.0	26.0	39.0
73	32.87715857679397	35.0	32.0	37.0	26.0	39.0
74	32.664881831991686	35.0	32.0	36.0	25.0	39.0
75	32.479032774127724	35.0	32.0	36.0	25.0	39.0
76	32.01671479881204	34.0	31.0	36.0	25.0	39.0
77	32.10984982166019	34.0	31.0	36.0	25.0	38.0
78	32.08385904669316	35.0	31.0	36.0	25.0	38.0
79	31.957178450681816	35.0	31.0	35.0	25.0	37.0
80	31.7908310214038	35.0	31.0	35.0	24.0	37.0
81	31.671519990348497	35.0	31.0	35.0	24.0	37.0
82	31.48940330458575	34.0	31.0	35.0	24.0	37.0
83	31.321268315132592	34.0	31.0	35.0	23.0	36.0
84	31.132947451255436	34.0	31.0	35.0	23.0	36.0
85	30.96118534368967	34.0	31.0	35.0	22.0	36.0
86	30.784174000148624	34.0	31.0	35.0	21.0	36.0
87	30.617034040887706	34.0	31.0	35.0	20.0	36.0
88	30.445467149907454	34.0	30.0	35.0	20.0	36.0
89	30.342946291921876	34.0	30.0	35.0	20.0	36.0
90	30.17958780594823	34.0	30.0	35.0	19.0	35.0
91	30.076436394243434	34.0	30.0	35.0	18.0	35.0
92	29.88399346329915	34.0	30.0	35.0	18.0	35.0
93	29.713718438303875	34.0	30.0	35.0	15.0	35.0
94	29.5035306382191	34.0	30.0	35.0	10.0	35.0
95	29.306820902791113	34.0	29.0	35.0	7.0	35.0
96	29.089180415854145	34.0	29.0	35.0	2.0	35.0
97	28.828675964442137	34.0	29.0	35.0	2.0	35.0
98	28.474157695658278	34.0	29.0	35.0	2.0	35.0
99	28.07052317440293	34.0	29.0	35.0	2.0	35.0
100	27.516346118085117	34.0	29.0	35.0	2.0	35.0
101	23.702105726580495	29.0	18.0	33.0	2.0	34.0
>>END_MODULE
>>Per sequence quality scores	pass
#Quality	Count
2	652.0
3	842.0
4	1418.0
5	3456.0
6	8981.0
7	23894.0
8	52886.0
9	83798.0
10	115565.0
11	151965.0
12	190501.0
13	230114.0
14	271198.0
15	314215.0
16	358517.0
17	406817.0
18	456224.0
19	512249.0
20	575746.0
21	652333.0
22	752058.0
23	884591.0
24	1067559.0
25	1308201.0
26	1621382.0
27	2019034.0
28	2509691.0
29	3107966.0
30	3840053.0
31	4769436.0
32	5989109.0
33	7717312.0
34	1.0328771E7
35	1.454445E7
36	2.1309982E7
37	2.83042E7
38	2.347421E7
39	4250624.0
40	26890.0
>>END_MODULE
>>Per base sequence content	warn
#Base	G	A	T	C
1	24.011495017669006	30.432625686009718	25.104214712960548	20.451664583360724
2	22.49676959389482	30.13904702844121	28.41806355628022	18.946119821383746
3	20.857556010961716	27.31469100596899	29.654117156245473	22.17363582682383
4	22.434746710224047	27.46800074157977	28.836368680445702	21.260883867750483
5	22.51868977169003	27.3049762266315	28.808688097722047	21.36764590395642
6	22.418213727817022	27.426579700948185	27.315401792038617	22.83980477919617
7	23.279003780242945	27.555762784183486	27.68695378533656	21.47827965023701
8	22.204688249300165	27.2189296321088	28.19739871983984	22.378983398751195
9	22.37002158863288	27.03283937099581	28.129777021980722	22.467362018390588
10	22.4743819975254	27.52337596807692	27.8798615464666	22.122380487931085
11	22.252892340376675	27.371354224631876	28.214276901020547	22.161476533970898
12	22.54707410995839	27.230193939139134	27.90942912207937	22.3133028288231
13	22.727816250763073	27.336689518450523	27.915348824063855	22.02014540672255
14	22.35171621089297	27.406447089781	28.201140365203432	22.040696334122604
15	22.347317914501648	27.185558542513128	28.031387637904626	22.435735905080602
16	22.635379612138596	27.551364487792164	27.665701914601758	22.147553985467482
17	22.54816173216386	27.376890763008106	27.970629138474557	22.104318366353482
18	22.73423371391205	27.053002213420164	27.622329903304273	22.59043416936352
19	22.789579412204528	27.352413287439003	27.62864050247443	22.22936679788204
20	22.511768219904134	27.127887849628884	28.071029252678404	22.28931467778858
21	22.629426163634484	27.197701665158736	27.501681877324515	22.67119029388227
22	22.88063877099675	27.428201643047736	27.439031463637882	22.252128122317636
23	22.862077482149672	27.143010508736516	27.689203553311664	22.305708455802147
24	22.726341949686894	27.135942722032237	27.45369081115314	22.684024517127728
25	22.851935855260127	27.271084643905162	27.580526448936265	22.296453051898443
26	22.740233780882306	27.308581413332906	27.679351158431132	22.271833647353663
27	22.91417138104582	27.12851604731598	27.417679604208296	22.539632967429906
28	23.181918259148908	27.212091909627073	27.272879339900523	22.333110491323495
29	22.838817946819486	27.232941353551315	27.67277379359519	22.255466906034016
30	22.816341876387813	26.935274018892784	27.589333658624554	22.659050446094845
31	23.035630376348102	27.388258172629143	27.24646996240544	22.329641488617316
32	22.933725060449795	27.329862165362407	27.56988818207254	22.166524592115262
33	23.086936928550703	26.975020202174164	27.292914426644383	22.645128442630746
34	23.060585881324773	27.300175778078955	27.291840311957916	22.347398028638356
35	22.856751437419934	27.136321381601462	27.73851156598076	22.268415614997842
36	22.969344310045024	27.188396765424216	27.234195713924848	22.608063210605913
37	23.20910278620406	27.410034766648796	27.158325101174523	22.222537345972622
38	23.096416126646186	27.137483110042695	27.476885918976436	22.289214844334687
39	22.9816800690735	27.090650674378498	27.336702876447877	22.590966380100127
40	23.082123069479373	27.19246251798672	27.42794713804555	22.297467274488355
41	22.97124717642335	27.311476954939952	27.462509695721376	22.254766172915318
42	23.08945021745875	27.15668965780426	27.216431045664603	22.537429079072382
43	23.32219856253235	27.2143164042629	27.118197864452252	22.3452871687525
44	22.94855119920544	27.201592342642456	27.548122218460797	22.30173423969131
45	22.863915778982978	27.00657049872417	27.51239758095563	22.61711614133722
46	23.129956657245277	27.426895287156956	27.145655482663194	22.297492572934573
47	23.028143240574586	27.33319057507524	27.462042112776846	22.176624071573322
48	23.16514584042905	27.020732817785436	27.221654291196547	22.59246705058896
49	23.156334543560416	27.322240173689217	27.20418743834444	22.31723784440593
50	22.87340595808298	27.130682365454078	27.699522492247652	22.29638918421529
51	22.961642369992763	27.21906039987235	27.246499835591177	22.57279739454371
52	23.202872822928285	27.35652435716634	27.180731604508185	22.259871215397194
53	23.147255526709227	27.141993201007907	27.412038521527098	22.29871275075577
54	23.019602595526287	27.066506820995528	27.310013712849525	22.60387687062866
55	23.059115824856747	27.232730725073644	27.37563076175607	22.332522688313542
56	22.995223161628395	27.318297920838063	27.38626617574264	22.300212741790904
57	23.060828727822397	27.154274478554775	27.266598040270235	22.518298753352596
58	23.296228719370703	27.231339287124868	27.157548212373033	22.314883781131392
59	23.006555359454907	27.231541102353308	27.495035668469548	22.266867869722233
60	22.93065940659281	26.951450640786966	27.45960284345471	22.65828710916551
61	23.146996073618915	27.385980215629118	27.125959988380703	22.34106372237126
62	23.104937122851883	27.2774446910362	27.422254522016054	22.19536366409586
63	23.203326506927986	26.95985267956857	27.253273043301213	22.58354777020223
64	23.140213484701473	27.30362566279395	27.206719016423943	22.34944183608064
65	22.91339679881921	27.10615227877944	27.67571197598598	22.304738946415377
66	23.02568201540402	27.160041955360526	27.194452859592193	22.619823169643265
67	23.23454484979248	27.347271864563403	27.148104124042643	22.270079161601466
68	23.17123567592064	27.09851291039898	27.437424285640667	22.292827128039708
69	23.042269835905437	27.09672434485878	27.29585412054496	22.565151698690826
70	23.07262764251946	27.179195917458543	27.398309960236055	22.34986647978594
71	23.009648903318965	27.290108072526053	27.415675356793866	22.28456766736112
72	23.118627664032868	27.134177357224274	27.22040604234246	22.526788936400397
73	23.365009597721098	27.205580774439035	27.09087776033348	22.338531867506383
74	23.004526462860657	27.186914027718124	27.51767350931253	22.290886000108692
75	22.98337794084221	27.02464740335647	27.455730366433066	22.536244289368252
76	23.081659757887003	27.4176600739794	27.16349113088735	22.337189037246244
77	23.09204384319708	27.30123387821542	27.379833740740533	22.226888537846968
78	23.253889339115894	26.99299105878932	27.168558030198774	22.58456157189601
79	23.169397196697876	27.31666183345018	27.180608318491117	22.333332651360827
80	22.93523151634397	27.111970989754138	27.62147177103263	22.33132572286927
81	23.012998245391895	27.197426068581787	27.21816611710225	22.571409568924068
82	23.239785531841562	27.387941995799796	27.108670528131412	22.263601944227233
83	23.180173582254223	27.126573844520923	27.353272417584495	22.339980155640355
84	23.014850788708895	27.091048602089092	27.286597028379912	22.607503580822105
85	23.071042962202	27.20985603664422	27.380766691397714	22.33833430975607
86	23.0130699567461	27.314811227945157	27.350519967077457	22.321598848231286
87	23.10606622515439	27.16912609661249	27.194539335048734	22.530268343184385
88	23.300867306645976	27.209951651783165	27.09215731586932	22.39702372570154
89	23.017093142299608	27.21993246918613	27.412284472973408	22.350689915540855
90	22.985501457361643	26.974153939750817	27.35390511197725	22.68643949091029
91	23.129508807454943	27.355147458581243	27.09237526214191	22.422968471821903
92	23.089449904162695	27.268964152252824	27.35150603126244	22.290079912322042
93	23.17811363845202	26.987548729447052	27.149124956261346	22.68521267583958
94	23.10057608824265	27.274918623431653	27.194200463747485	22.430304824578208
95	22.946088036654906	27.07970274096966	27.58890327256171	22.385305949813723
96	23.007681762445735	27.118561858319595	27.149714817302318	22.724041561932353
97	23.234958244657907	27.35815652324794	27.0825543218781	22.324330910216048
98	23.176710345677552	27.09946273431597	27.306920869824978	22.416906050181495
99	23.116199320724743	27.011942541769578	27.160226155113488	22.71163198239219
100	23.104087835441284	27.15030608444827	27.30816035136876	22.43744572874168
101	23.46319439352196	27.10788952148771	26.329383326646134	23.099532758344196
>>END_MODULE
>>Per base GC content	pass
#Base	%GC
1	44.46315960102973
2	41.442889415278565
3	43.03119183778554
4	43.69563057797453
5	43.88633567564646
6	45.25801850701319
7	44.75728343047996
8	44.58367164805136
9	44.83738360702347
10	44.59676248545648
11	44.41436887434757
12	44.86037693878149
13	44.74796165748562
14	44.392412545015574
15	44.78305381958225
16	44.782933597606075
17	44.65248009851734
18	45.32466788327557
19	45.01894621008657
20	44.801082897692716
21	45.30061645751675
22	45.13276689331438
23	45.16778593795182
24	45.41036646681462
25	45.14838890715857
26	45.012067428235966
27	45.45380434847572
28	45.5150287504724
29	45.0942848528535
30	45.475392322482655
31	45.365271864965415
32	45.10024965256506
33	45.73206537118145
34	45.40798390996313
35	45.12516705241777
36	45.57740752065094
37	45.43164013217668
38	45.38563097098088
39	45.572646449173625
40	45.37959034396773
41	45.22601334933867
42	45.62687929653113
43	45.66748573128485
44	45.250285438896746
45	45.481031920320206
46	45.42744923017985
47	45.20476731214791
48	45.75761289101802
49	45.47357238796635
50	45.16979514229827
51	45.53443976453647
52	45.462744038325475
53	45.44596827746499
54	45.62347946615494
55	45.391638513170285
56	45.295435903419296
57	45.57912748117499
58	45.6111125005021
59	45.27342322917714
60	45.58894651575832
61	45.488059795990175
62	45.300300786947744
63	45.78687427713022
64	45.48965532078211
65	45.21813574523459
66	45.64550518504728
67	45.50462401139395
68	45.46406280396035
69	45.60742153459626
70	45.4224941223054
71	45.29421657068008
72	45.645416600433265
73	45.70354146522748
74	45.295412462969345
75	45.51962223021046
76	45.41884879513324
77	45.31893238104405
78	45.838450911011904
79	45.502729848058706
80	45.26655723921324
81	45.584407814315966
82	45.50338747606879
83	45.52015373789458
84	45.622354369530996
85	45.40937727195807
86	45.33466880497738
87	45.636334568338775
88	45.69789103234751
89	45.36778305784046
90	45.67194094827193
91	45.55247727927685
92	45.379529816484734
93	45.863326314291605
94	45.53088091282086
95	45.33139398646863
96	45.73172332437809
97	45.55928915487396
98	45.59361639585905
99	45.82783130311693
100	45.54153356418296
101	46.562727151866156
>>END_MODULE
>>Per sequence GC content	fail
#GC Content	Count
0	6.0
1	5.0
2	3.5
3	4.0
4	4.5
5	5.5
6	8.0
7	16.0
8	28.0
9	38.0
10	56.5
11	92.5
12	164.5
13	299.0
14	598.5
15	1336.0
16	2766.5
17	5486.0
18	10752.0
19	20164.5
20	55674.0
21	80373.5
22	98843.0
23	155827.5
24	238788.0
25	353301.5
26	500443.0
27	687454.0
28	920679.0
29	1199812.5
30	1523269.0
31	1895496.5
32	2321881.5
33	2925694.5
34	3448818.5
35	3754624.5
36	4105253.5
37	4462864.5
38	4772517.5
39	5062444.5
40	7458282.5
41	8002015.5
42	6039387.5
43	5670888.5
44	5477054.5
45	5303682.0
46	5140933.5
47	4946722.5
48	4718944.0
49	4510951.0
50	4338867.0
51	4100463.0
52	3787054.5
53	3520356.0
54	3294881.0
55	3131203.5
56	2976244.0
57	2732350.0
58	2396322.0
59	2077126.5
60	1837195.0
61	1638439.5
62	1478654.5
63	1331217.0
64	1178227.5
65	1044101.0
66	930321.0
67	826094.0
68	725862.5
69	634565.0
70	549832.0
71	461076.0
72	371256.5
73	289186.0
74	218368.5
75	158659.5
76	113001.5
77	78859.5
78	53289.5
79	34274.0
80	21026.5
81	12950.5
82	7955.0
83	4652.5
84	2715.0
85	1756.0
86	1181.0
87	799.0
88	559.5
89	402.0
90	278.5
91	191.5
92	129.5
93	90.5
94	51.5
95	25.0
96	13.0
97	7.0
98	3.5
99	1.0
100	1.0
>>END_MODULE
>>Per base N content	pass
#Base	N-Count
1	0.05330614301254759
2	0.00716410489571306
3	0.0
4	0.0
5	0.0
6	0.0
7	0.0
8	0.0
9	0.0
10	0.0
11	0.0
12	0.0
13	0.0
14	0.0
15	0.0
16	0.0
17	0.0
18	0.0
19	0.0
20	0.0
21	0.0
22	0.0
23	0.0
24	0.0
25	0.00259004538133532
26	0.02263196277702641
27	0.011974390047476432
28	0.01058304916537475
29	0.006071561322804513
30	0.003771876620755698
31	0.0015572612702654002
32	0.0036734492718450184
33	0.0032860673486322716
34	9.09046872439351E-4
35	6.889914423747595E-5
36	0.0
37	0.0
38	0.0
39	0.0
40	0.0
41	1.2725250109166475E-4
42	3.437926686951606E-4
43	7.473447992289483E-4
44	4.703421172946062E-4
45	0.0026005911687186074
46	0.001437742346588146
47	7.747638464254947E-4
48	0.004358222399266463
49	0.0015122659107633751
50	0.0017927838551588127
51	0.0
52	0.0136553885563724
53	0.026832701418035784
54	0.006822421384494556
55	0.0037233659987925775
56	0.004067158667487738
57	0.0034681579441170293
58	0.005840257052864415
59	0.005463420917034955
60	0.007455871679984004
61	0.005592782575603277
62	0.0
63	0.0
64	0.0
65	0.0
66	0.0
67	0.0
68	0.0
69	0.0
70	0.0
71	0.0
72	0.0
73	0.0
74	0.0
75	0.0
76	0.0
77	0.0
78	0.0
79	0.001699277873693667
80	5.610358887908755E-4
81	0.0
82	1.2654944859944562E-5
83	0.0
84	0.0
85	0.0
86	0.0
87	0.0
88	0.0
89	5.511931538998076E-4
90	0.002454356250337026
91	0.0
92	1.4061049844382845E-6
93	0.0
94	0.0
95	0.0
96	0.0
97	0.0
98	0.0
99	0.0
100	0.0
101	0.0
>>END_MODULE
>>Sequence Length Distribution	pass
#Length	Count
101	1.4223689E8
>>END_MODULE
>>Sequence Duplication Levels	fail
#Total Duplicate Percentage	54.70495157929905
#Duplication Level	Relative count
1	100.0
2	35.128157846210584
3	15.773352183088491
4	8.22730346056918
5	5.027967299772573
6	3.41446923597025
7	2.538570287048989
8	1.9700043026615035
9	1.654475792406827
10++	31.154342614788863
>>END_MODULE
>>Overrepresented sequences	warn
#Sequence	Count	Percentage	Possible Source
AGGTTAGGTTAGGTTAGGTTAGGTTAGGTTAGGTTAGGTTAGGTTAGGTT	785288	0.5520986855097858	No Hit
TAGGTTAGGTTAGGTTAGGTTAGGTTAGGTTAGGTTAGGTTAGGTTAGGT	766376	0.5388025567769374	No Hit
GTTAGGTTAGGTTAGGTTAGGTTAGGTTAGGTTAGGTTAGGTTAGGTTAG	680946	0.47874078236665607	No Hit
GGTTAGGTTAGGTTAGGTTAGGTTAGGTTAGGTTAGGTTAGGTTAGGTTA	657419	0.46220006638221633	No Hit
AACCTAACCTAACCTAACCTAACCTAACCTAACCTAACCTAACCTAACCT	586697	0.4124787880274941	No Hit
CTAACCTAACCTAACCTAACCTAACCTAACCTAACCTAACCTAACCTAAC	582419	0.4094711294657807	No Hit
TTAGGTTAGGTTAGGTTAGGTTAGGTTAGGTTAGGTTAGGTTAGGTTAGG	558079	0.39235883180516673	No Hit
ACCTAACCTAACCTAACCTAACCTAACCTAACCTAACCTAACCTAACCTA	467995	0.32902505109609753	No Hit
CCTAACCTAACCTAACCTAACCTAACCTAACCTAACCTAACCTAACCTAA	456997	0.32129287978667137	No Hit
TAACCTAACCTAACCTAACCTAACCTAACCTAACCTAACCTAACCTAACC	453900	0.31911552621826866	No Hit
>>END_MODULE
>>Kmer Content	warn
#Sequence	Count	Obs/Exp Overall	Obs/Exp Max	Max Obs/Exp Position
GTTAG	82912065	5.548716	6.52855	3
TAGGT	82566225	5.525572	6.5198855	5
AGGTT	80024825	5.355494	6.375812	1
TTAGG	79880265	5.3458195	6.2664685	4
GGTTA	78643295	5.263038	6.2148967	7
ACCTA	62841815	4.4771767	5.1927676	2
CTAAC	62526945	4.4547434	5.073057	51
CATCA	62027900	4.419189	5.2526493	90
TCATC	61538720	4.3560987	5.270902	68
AACCT	60247660	4.2923555	5.1228437	1
CCTAA	59226575	4.2196083	4.8636813	28
TAACC	58917655	4.1975994	4.854545	5
TGATG	62563000	4.1868978	4.5610046	95
GATGA	60879070	4.1006155	4.556501	84
ATCAT	57431800	3.3257403	3.9116035	79
ATGAT	55863080	3.1453834	3.48422	94
>>END_MODULE
