##FastQC	0.10.0
>>Basic Statistics	pass
#Measure	Value	
Filename	120315_0312_AD0T4UACXX_3_SA-PE-041_1.sanfastq.gz	
File type	Conventional base calls	
Encoding	Sanger / Illumina 1.9	
Total Sequences	105781666	
Filtered Sequences	0	
Sequence length	101	
%GC	45	
>>END_MODULE
>>Per base sequence quality	fail
#Base	Mean	Median	Lower Quartile	Upper Quartile	10th Percentile	90th Percentile
1	30.45760990378049	31.0	30.0	31.0	27.0	34.0
2	30.75664932333359	31.0	30.0	33.0	27.0	34.0
3	30.964277959093593	31.0	30.0	34.0	27.0	34.0
4	34.818881657621084	35.0	35.0	37.0	32.0	37.0
5	34.414472144917816	35.0	35.0	37.0	30.0	37.0
6	34.29207947055778	35.0	35.0	37.0	30.0	37.0
7	34.14349960228458	35.0	35.0	37.0	30.0	37.0
8	34.298789886708725	35.0	35.0	37.0	30.0	37.0
9	35.68822210646597	37.0	35.0	39.0	30.0	39.0
10	35.531713454011964	37.0	35.0	39.0	30.0	39.0
11	35.47650380170794	37.0	35.0	39.0	30.0	39.0
12	35.36583744105524	37.0	34.0	39.0	30.0	39.0
13	35.393638090366245	37.0	34.0	39.0	30.0	39.0
14	36.24328980600475	38.0	34.0	40.0	30.0	41.0
15	36.18420574884877	38.0	34.0	40.0	30.0	41.0
16	36.0414631586536	38.0	34.0	40.0	29.0	41.0
17	35.903015925273856	38.0	34.0	40.0	29.0	41.0
18	35.96461950221128	38.0	34.0	40.0	29.0	41.0
19	36.188648569781456	38.0	34.0	40.0	30.0	41.0
20	36.05912930129121	38.0	34.0	40.0	29.0	41.0
21	35.92710878650748	38.0	34.0	40.0	29.0	41.0
22	36.12583968945999	38.0	34.0	40.0	30.0	41.0
23	36.078459947870364	38.0	34.0	40.0	29.0	41.0
24	35.978330176800206	38.0	34.0	40.0	29.0	41.0
25	35.7674706219885	38.0	34.0	40.0	27.0	41.0
26	35.436912668779485	38.0	34.0	40.0	27.0	41.0
27	35.29395755593413	38.0	34.0	40.0	27.0	41.0
28	35.20672269427104	38.0	34.0	40.0	27.0	41.0
29	35.01383978959076	38.0	33.0	40.0	26.0	41.0
30	34.973410609736476	38.0	33.0	40.0	26.0	41.0
31	34.806347037491356	38.0	33.0	40.0	25.0	41.0
32	34.74323839823056	37.0	33.0	40.0	25.0	41.0
33	34.61491359948897	37.0	33.0	40.0	25.0	41.0
34	34.507810654069296	37.0	33.0	40.0	25.0	41.0
35	34.40219133058464	37.0	33.0	40.0	25.0	41.0
36	34.21643104013884	37.0	32.0	40.0	24.0	41.0
37	34.19632760368891	37.0	32.0	40.0	24.0	41.0
38	34.04970618443465	37.0	32.0	40.0	24.0	40.0
39	33.97061003936164	37.0	32.0	39.0	24.0	40.0
40	33.80020373284724	37.0	32.0	39.0	24.0	40.0
41	33.68215707625554	37.0	31.0	39.0	24.0	40.0
42	33.49002404632198	37.0	31.0	39.0	23.0	40.0
43	33.24894379145059	36.0	31.0	39.0	23.0	40.0
44	32.85346247997266	36.0	30.0	39.0	21.0	40.0
45	32.88622240077028	36.0	31.0	39.0	21.0	40.0
46	32.8210629618936	36.0	31.0	39.0	21.0	40.0
47	32.5390359894691	36.0	30.0	39.0	19.0	40.0
48	32.53402682275774	36.0	30.0	39.0	19.0	40.0
49	32.362661125038436	36.0	30.0	39.0	19.0	40.0
50	32.2197454235595	35.0	30.0	39.0	18.0	40.0
51	32.058957012456204	35.0	30.0	39.0	18.0	40.0
52	31.762560158581735	35.0	30.0	39.0	15.0	40.0
53	31.633384304989107	35.0	29.0	39.0	15.0	40.0
54	31.365688180785504	35.0	29.0	38.0	14.0	40.0
55	31.163361399507547	35.0	29.0	38.0	13.0	40.0
56	30.993433569102606	34.0	28.0	38.0	13.0	40.0
57	30.87534576171262	34.0	28.0	38.0	13.0	40.0
58	30.31173601482132	34.0	28.0	38.0	8.0	40.0
59	30.312884890657706	34.0	28.0	38.0	9.0	40.0
60	30.1575207276467	34.0	28.0	38.0	8.0	40.0
61	29.964192377155413	34.0	27.0	38.0	8.0	40.0
62	29.71948333655475	34.0	27.0	37.0	7.0	40.0
63	29.323388213605938	33.0	26.0	37.0	7.0	40.0
64	29.125656500815555	33.0	26.0	37.0	7.0	39.0
65	28.869451451067146	33.0	26.0	36.0	5.0	39.0
66	28.431180418353403	33.0	26.0	36.0	2.0	39.0
67	28.124338124907204	32.0	25.0	36.0	2.0	39.0
68	27.9425540338909	32.0	25.0	36.0	2.0	39.0
69	27.679780879987273	32.0	25.0	36.0	2.0	39.0
70	27.33445481942022	32.0	24.0	35.0	2.0	38.0
71	27.10662829795099	32.0	23.0	35.0	2.0	38.0
72	26.88633874418276	31.0	23.0	35.0	2.0	38.0
73	26.585595503856027	31.0	22.0	35.0	2.0	37.0
74	26.31963491669719	31.0	22.0	35.0	2.0	37.0
75	26.043610496737685	31.0	21.0	35.0	2.0	37.0
76	25.02625316942919	29.0	20.0	34.0	2.0	36.0
77	25.610820725776808	30.0	22.0	34.0	2.0	36.0
78	25.960134386614783	31.0	23.0	34.0	2.0	36.0
79	26.054145072738788	31.0	23.0	34.0	2.0	36.0
80	25.961090488024645	31.0	23.0	34.0	2.0	36.0
81	25.796897347031763	31.0	22.0	34.0	2.0	36.0
82	25.522735263027528	31.0	21.0	34.0	2.0	36.0
83	25.336734987705714	31.0	20.0	34.0	2.0	35.0
84	25.159162089581763	31.0	20.0	34.0	2.0	35.0
85	24.899745793377843	31.0	19.0	34.0	2.0	35.0
86	24.56682667486065	31.0	18.0	34.0	2.0	35.0
87	24.34139244885782	31.0	18.0	34.0	2.0	35.0
88	24.11325735784876	30.0	17.0	34.0	2.0	35.0
89	23.786133591429728	30.0	12.0	34.0	2.0	35.0
90	23.5285082766611	30.0	8.0	34.0	2.0	35.0
91	23.216204507499437	30.0	7.0	34.0	2.0	35.0
92	22.85818446081195	30.0	2.0	34.0	2.0	35.0
93	22.574208464442222	29.0	2.0	34.0	2.0	35.0
94	22.226732796966914	29.0	2.0	34.0	2.0	35.0
95	21.896101901061	29.0	2.0	34.0	2.0	35.0
96	21.52522394570719	29.0	2.0	34.0	2.0	35.0
97	21.08667894302213	29.0	2.0	34.0	2.0	35.0
98	20.540700398876304	29.0	2.0	34.0	2.0	35.0
99	19.927936141599435	29.0	2.0	33.0	2.0	35.0
100	19.099893208337257	27.0	2.0	33.0	2.0	35.0
101	16.579791662574117	19.0	2.0	30.0	2.0	34.0
>>END_MODULE
>>Per sequence quality scores	pass
#Quality	Count
2	1535.0
3	2190.0
4	4843.0
5	12239.0
6	35510.0
7	106443.0
8	239785.0
9	351792.0
10	446955.0
11	579770.0
12	756967.0
13	915235.0
14	1028748.0
15	1121647.0
16	1217010.0
17	1314157.0
18	1402774.0
19	1470569.0
20	1529415.0
21	1610348.0
22	1758898.0
23	1998486.0
24	2342817.0
25	2776697.0
26	3288605.0
27	3846379.0
28	4426913.0
29	5026330.0
30	5658053.0
31	6338355.0
32	7057536.0
33	7840936.0
34	8665692.0
35	9395741.0
36	9534447.0
37	7905485.0
38	3466119.0
39	303730.0
40	2515.0
>>END_MODULE
>>Per base sequence content	warn
#Base	G	A	T	C
1	23.399145888100964	30.748462425808636	25.831900815493753	20.020490870596646
2	21.93044114090621	30.533321341337167	28.771560470601777	18.764677047154844
3	20.648906491413165	27.929306973965822	29.67693150480218	21.744855029818837
4	22.313521006163846	27.869575756342797	28.892371812579437	20.924531424913916
5	22.25782585046448	27.47273899051656	28.899004105304975	21.37043105371398
6	22.089263559150222	27.661313256306624	27.583236399396473	22.66618678514668
7	22.934040384654182	27.76203486906701	27.903067815173188	21.400856931105622
8	21.99325826462215	27.504529943780614	28.242516051883698	22.259695739713532
9	22.210394190615222	27.230016400006406	28.225288113726627	22.33430129565174
10	22.256817169054607	27.62378123256255	28.01693253725083	22.10246906113201
11	21.94450028797996	27.47123211313386	28.446099534866466	22.138168064019716
12	22.185334082373025	27.397033054858483	28.130368073423988	22.287264789344498
13	22.44937227591027	27.56179412035352	28.030395172637952	21.95843843109826
14	22.197179235199414	27.517703304086737	28.28273568691951	22.002381773794337
15	22.167101244179683	27.2955305884481	28.128297771373727	22.40907039599849
16	22.314942553466686	27.59666594776452	27.975209806205925	22.11318169256287
17	22.294399295998986	27.518279963561927	28.09816305974988	22.089157680689205
18	22.63433911127851	27.300595738395728	27.593645575595303	22.471419574730465
19	22.685027479147475	27.42738803149499	27.700508139094726	22.187076350262814
20	22.385865996854314	27.16086263946722	28.101069045367467	22.352202318311
21	22.459520537330164	27.26428698901377	27.68570595210705	22.590486521549018
22	22.654300037210607	27.51570579347843	27.592588681671927	22.237405487639037
23	22.810582317733584	27.314715387447198	27.617547638170116	22.257154656649103
24	22.7621123153862	27.1129958922618	27.410302877804682	22.714588914547317
25	22.792492630436474	27.132810652082362	27.614636209933895	22.460060507547272
26	22.720522119374937	27.124939604372177	27.765232570883967	22.389305705368912
27	22.950056268059924	27.17454863871458	27.442669527550624	22.43272556567487
28	23.225991835759068	27.269375038352912	27.24398765861321	22.260645467274816
29	23.03444881191672	27.156018056842075	27.59436127963943	22.215171851601774
30	22.911365171639318	26.900907650305665	27.55668188037942	22.631045297675602
31	22.97345359309672	27.29542691209778	27.442375466996165	22.288744027809333
32	22.902242031390355	27.30985633145772	27.605379643733606	22.182521993418316
33	23.189317945037875	27.082304210781043	27.19953989752117	22.528837946659912
34	23.158334539890284	27.131075543778955	27.248599486180723	22.461990430150035
35	22.970529728806895	27.02841600755333	27.662009544499295	22.33904471914048
36	23.029073338714063	27.10897064139305	27.338204314922177	22.523751704970703
37	23.160019998172462	27.357893001987698	27.244492443520414	22.23759455631943
38	23.230697652275584	27.16572264989663	27.35776254459823	22.24581715322956
39	23.18304203513489	27.064058791014105	27.25426972918492	22.498629444666086
40	23.19657659506078	27.05783687978162	27.400073566777337	22.345512958380258
41	23.01041746756873	27.19396824873723	27.529337701414786	22.266276582279254
42	23.109054455420363	27.143119331178717	27.25557464682367	22.49225156657725
43	23.432525038028242	27.232287571013515	27.02134352166713	22.313843869291112
44	23.207089676985955	27.076548094613134	27.34773129409615	22.368630934304758
45	22.963321939795463	26.931711706819954	27.459745570913114	22.645220782471466
46	23.069108849334715	27.269363408210317	27.309381897261233	22.352145845193732
47	23.02973007917575	27.25804360105326	27.450859327521677	22.261366992249318
48	23.302659283530776	27.067046084737157	27.066158653724393	22.564135978007684
49	23.324554282033965	27.17889707803286	27.131238559800252	22.365310080132915
50	23.017622916514842	26.966908022511067	27.55785312851429	22.457615932459802
51	22.976789671772792	27.08478017746541	27.29374285072775	22.64468730003405
52	23.211074797335883	27.217968690467252	27.197117513626544	22.373838998570317
53	23.302684854717953	27.082927453113868	27.2574284288444	22.356959263323784
54	23.224540625898708	26.862805937694667	27.135972331894287	22.77668110451234
55	23.15273304559857	26.91947229792283	27.2709232504466	22.656871406031996
56	23.009499452411617	26.99535132534807	27.353496942740474	22.641652279499844
57	23.087942938018408	26.96728935372071	27.18324898800478	22.761518720256102
58	23.51065566022489	27.055189776851602	26.94187361168141	22.492280951242094
59	23.21906202043478	26.9343335058657	27.281776802013656	22.564827671685865
60	23.094326710972933	26.687225765168606	27.276799846545398	22.941647677313064
61	23.144657512841125	27.048703576337058	27.176674673008606	22.629964237813216
62	23.136073229000996	27.021457195803407	27.324446835578183	22.51802273961742
63	23.366467706103315	26.82928113732943	27.03350958437686	22.7707415721904
64	23.357395546865867	26.985665320379375	27.02326522213835	22.633673910616405
65	23.12911874389709	26.771724298107202	27.405204200037563	22.69395275795814
66	23.128030461163277	26.840916779903377	27.151283388249787	22.87976937068356
67	23.26846628200649	27.081311069051445	27.07462418670154	22.575598462240524
68	23.338666803522663	26.90738993042217	27.159862736210343	22.594080529844817
69	23.30545261971228	26.852906489283935	27.026339414815116	22.81530147618867
70	23.241022380419828	26.83940861344339	27.186411090484867	22.733157915651912
71	23.087608052597574	26.91951905150287	27.337773458596164	22.65509943730339
72	23.219954644661794	26.896458564032404	27.070925477103764	22.812661314202035
73	23.537454879319935	26.97414857130912	26.859375717170575	22.62902083220038
74	23.300505971725162	26.844005577364342	27.19391157039525	22.661576880515245
75	23.344233126446415	26.681751652359537	27.065748255349973	22.908266965844074
76	23.04281299417515	27.178937527864427	27.297761761453742	22.480487716506676
77	23.07056640504812	27.182618674340166	27.37593185186975	22.370883068741968
78	23.36285571452429	26.98305394433852	27.011857612452427	22.64223272868476
79	23.33379270742092	27.14481503099745	27.070892923397956	22.450499338183675
80	23.084415643961044	26.912716131012882	27.449892893444037	22.552975331582033
81	23.054936965095933	27.038378330885177	27.25037028611365	22.65631441790524
82	23.215575973297444	27.203890958771293	27.15459601496063	22.425937052970628
83	23.309444757657722	27.025877055103294	27.21031544350984	22.454362743729146
84	23.271027206888803	26.89410558216873	27.13766555087009	22.697201660072377
85	23.22977960848108	26.902749117893183	27.30755021419758	22.559921059428152
86	23.079429212659473	26.993278940445286	27.42505228943019	22.50223955746505
87	23.209751036102617	26.971380587856064	27.150053287411723	22.668815088629593
88	23.438561011382884	27.003038179585857	26.99628118436045	22.56211962467081
89	23.29064961537643	26.915553075215016	27.232535867064257	22.5612614423443
90	23.237859838095705	26.68678745730484	27.19115537739701	22.88419732720245
91	23.172888906490513	27.03177269617375	27.14731094261077	22.64802745472497
92	23.26324944265271	26.991571665545134	27.212428100747953	22.5327507910542
93	23.397799340651034	26.82125358463739	26.97001052765885	22.810936547052727
94	23.3620585342904	26.901948741124787	27.05680720009801	22.6791855244868
95	23.238689779540316	26.65955900801081	27.38989963370585	22.71185157874303
96	23.150631718789533	26.72237153903089	27.191970861508175	22.935025880671407
97	23.360233029704307	26.912173468810728	27.125518605182364	22.6020748963026
98	23.44697304756867	26.737072538513694	27.12936376099818	22.68659065291946
99	23.408374773049903	26.621040638003723	27.03771308983049	22.932871499115883
100	23.33749612619846	26.547334679362823	27.30462167990961	22.810547514529116
101	23.55270947359765	26.712208742955855	26.6855457513612	23.049536032085292
>>END_MODULE
>>Per base GC content	pass
#Base	%GC
1	43.419636758697614
2	40.69511818806106
3	42.393761521232
4	43.23805243107776
5	43.628256904178464
6	44.755450344296904
7	44.334897315759804
8	44.252954004335685
9	44.54469548626697
10	44.35928623018662
11	44.08266835199968
12	44.47259887171752
13	44.40781070700853
14	44.199561008993754
15	44.576171640178174
16	44.428124246029554
17	44.38355697668819
18	45.105758686008976
19	44.872103829410285
20	44.738068315165314
21	45.05000705887918
22	44.89170552484965
23	45.06773697438269
24	45.47670122993352
25	45.252553137983746
26	45.10982782474385
27	45.38278183373479
28	45.48663730303388
29	45.24962066351849
30	45.54241046931492
31	45.26219762090605
32	45.08476402480867
33	45.71815589169779
34	45.62032497004032
35	45.30957444794737
36	45.55282504368477
37	45.39761455449189
38	45.47651480550514
39	45.681671479800976
40	45.54208955344104
41	45.27669404984798
42	45.601306021997615
43	45.74636890731936
44	45.57572061129071
45	45.60854272226693
46	45.42125469452845
47	45.29109707142507
48	45.866795261538456
49	45.68986436216688
50	45.47523884897465
51	45.62147697180684
52	45.5849137959062
53	45.65964411804174
54	46.001221730411054
55	45.80960445163057
56	45.65115173191146
57	45.84946165827451
58	46.002936611466986
59	45.783889692120646
60	46.03597438828599
61	45.77462175065434
62	45.654095968618414
63	46.13720927829371
64	45.991069457482276
65	45.82307150185523
66	46.00779983184683
67	45.844064744247014
68	45.93274733336749
69	46.12075409590094
70	45.974180296071744
71	45.742707489900965
72	46.03261595886383
73	46.16647571152031
74	45.96208285224041
75	46.25250009229049
76	45.52330071068183
77	45.44144947379009
78	46.005088443209054
79	45.784292045604595
80	45.63739097554308
81	45.71125138300117
82	45.64151302626808
83	45.763807501386864
84	45.968228866961184
85	45.78970066790923
86	45.58166877012452
87	45.87856612473221
88	46.000680636053694
89	45.85191105772073
90	46.12205716529815
91	45.82091636121548
92	45.79600023370691
93	46.20873588770376
94	46.0412440587772
95	45.950541358283346
96	46.08565759946094
97	45.96230792600691
98	46.133563700488125
99	46.34124627216579
100	46.14804364072758
101	46.602245505682944
>>END_MODULE
>>Per sequence GC content	fail
#GC Content	Count
0	0.0
1	0.0
2	0.0
3	0.0
4	0.5
5	3.0
6	4.0
7	3.0
8	5.5
9	12.0
10	19.5
11	38.5
12	77.0
13	188.0
14	413.0
15	901.5
16	1978.0
17	4008.5
18	7862.5
19	14973.0
20	42271.0
21	61007.0
22	73312.5
23	114660.5
24	175411.5
25	260290.0
26	370966.0
27	511296.0
28	687230.5
29	897525.0
30	1140853.0
31	1422483.5
32	1744227.0
33	2158152.0
34	2542286.5
35	2814673.0
36	3092087.0
37	3365398.5
38	3612685.0
39	3879180.0
40	4692460.0
41	5039676.0
42	4660201.0
43	4540669.5
44	4393969.5
45	4201380.5
46	3996544.0
47	3783107.5
48	3565108.5
49	3363198.5
50	3181446.0
51	2990994.5
52	2786263.0
53	2597027.5
54	2431481.5
55	2305726.5
56	2180270.0
57	2001465.5
58	1774758.0
59	1554985.0
60	1376845.5
61	1231061.5
62	1112722.5
63	1004234.5
64	895544.0
65	798224.0
66	712873.5
67	632793.0
68	556332.5
69	485902.0
70	420197.5
71	353797.5
72	290549.5
73	233216.5
74	181328.5
75	135909.0
76	99847.0
77	72086.0
78	50396.0
79	34468.0
80	23026.0
81	15083.0
82	9862.5
83	6459.0
84	4121.0
85	2624.5
86	1746.0
87	1154.0
88	755.5
89	475.0
90	305.5
91	213.0
92	133.0
93	83.5
94	39.5
95	18.5
96	13.5
97	5.5
98	2.5
99	1.0
100	0.0
>>END_MODULE
>>Per base N content	pass
#Base	N-Count
1	0.03406734017594316
2	0.0
3	8.300115069089572E-4
4	1.5787234812505223E-4
5	0.0
6	0.0
7	0.0
8	0.0
9	0.0
10	0.0
11	0.0
12	0.0
13	0.0
14	0.0
15	0.0
16	0.0
17	0.0
18	0.0
19	0.0
20	0.0
21	0.0
22	0.0
23	0.0
24	8.980762318490994E-5
25	0.043576549456122195
26	0.05087270983234467
27	0.012249759802421717
28	0.019337944630215976
29	0.035749106088005835
30	0.027664529314560045
31	0.03771731105085828
32	0.03150356886986446
33	0.03617545596228367
34	0.02476232507058454
35	0.019515669189781905
36	4.94414599217978E-4
37	0.0
38	0.0
39	0.010088704785572198
40	0.007919141678105163
41	0.0023661945350718907
42	0.011858387634015899
43	0.026498920899960112
44	0.042914809074759704
45	0.06588665374205772
46	0.07376041893686945
47	0.08074367064704767
48	0.07875561347275434
49	0.10904630675792155
50	0.12790968900036043
51	0.12223668324527995
52	0.12115237436324741
53	0.09049205180791915
54	0.1955159223905587
55	0.24092076598604528
56	0.21892451570955596
57	0.20648190585313714
58	0.18080543371287044
59	0.17585088894326925
60	0.17177362285067432
61	0.17799965449589344
62	0.18111550634870888
63	0.19360349268842109
64	0.17801288930352072
65	0.172449543383066
66	0.16934219962086813
67	0.16251587491541303
68	0.16248184255294298
69	0.16201767894258726
70	0.08608864224165273
71	0.14815232726623911
72	0.14846996264929313
73	0.14960815610523662
74	0.14896910396552085
75	0.15509776524033947
76	0.01850037037609145
77	0.006308276521188464
78	0.0
79	4.726717009732102E-5
80	0.001852873067814984
81	0.0025070507019619073
82	2.4578928450606935E-5
83	0.0
84	6.957727438325654E-4
85	7.808536500077433E-4
86	0.007015393385844387
87	0.022728891412997786
88	0.03724463934988507
89	0.05805921037394136
90	0.05375317117807542
91	0.0558688497116315
92	0.040071216121704875
93	0.035316138809914376
94	0.02982558433140957
95	0.026597236613762537
96	0.0199268935696286
97	0.013753801154918472
98	0.03209629918288487
99	0.0485660719315954
100	0.04628873967630648
101	0.009064897881264225
>>END_MODULE
>>Sequence Length Distribution	pass
#Length	Count
101	1.05781666E8
>>END_MODULE
>>Sequence Duplication Levels	warn
#Total Duplicate Percentage	42.2268768498993
#Duplication Level	Relative count
1	100.0
2	23.693622175482243
3	9.126844478635556
4	4.515136387072486
5	2.803853047328319
6	1.9617150479994108
7	1.4428467374313563
8	1.1866861992487048
9	0.9591698107030912
10++	17.990981184885708
>>END_MODULE
>>Overrepresented sequences	warn
#Sequence	Count	Percentage	Possible Source
TAGGTTAGGTTAGGTTAGGTTAGGTTAGGTTAGGTTAGGTTAGGTTAGGT	403158	0.38112275524191497	No Hit
CTAACCTAACCTAACCTAACCTAACCTAACCTAACCTAACCTAACCTAAC	385625	0.3645480493755884	No Hit
AGGTTAGGTTAGGTTAGGTTAGGTTAGGTTAGGTTAGGTTAGGTTAGGTT	361567	0.34180497781156144	No Hit
GTTAGGTTAGGTTAGGTTAGGTTAGGTTAGGTTAGGTTAGGTTAGGTTAG	326532	0.30868487172436854	No Hit
AACCTAACCTAACCTAACCTAACCTAACCTAACCTAACCTAACCTAACCT	325856	0.30804581958465277	No Hit
TAACCTAACCTAACCTAACCTAACCTAACCTAACCTAACCTAACCTAACC	318340	0.3009406185756235	No Hit
ACCTAACCTAACCTAACCTAACCTAACCTAACCTAACCTAACCTAACCTA	316993	0.29966724101320164	No Hit
TTAGGTTAGGTTAGGTTAGGTTAGGTTAGGTTAGGTTAGGTTAGGTTAGG	310747	0.2937626261246443	No Hit
GGTTAGGTTAGGTTAGGTTAGGTTAGGTTAGGTTAGGTTAGGTTAGGTTA	283460	0.26796704071573235	No Hit
CCTAACCTAACCTAACCTAACCTAACCTAACCTAACCTAACCTAACCTAA	277273	0.26211820108788986	No Hit
>>END_MODULE
>>Kmer Content	warn
#Sequence	Count	Obs/Exp Overall	Obs/Exp Max	Max Obs/Exp Position
GTTAG	51334175	4.6343055	6.6181264	4
TAGGT	50840080	4.5896997	6.6375213	1
TTAGG	49388075	4.458617	6.368971	20
AGGTT	49125150	4.4348807	6.4848304	2
GGTTA	48045070	4.3373747	6.30995	18
ACCTA	43414375	4.1633353	5.0760756	9
CTAAC	43234400	4.146076	4.967877	1
AACCT	41524260	3.9820776	4.9264345	8
CCTAA	40708720	3.9038694	4.78725	10
CATCA	40560830	3.889687	4.4859314	81
TAACC	40559745	3.889583	4.7946844	2
TGATG	42828945	3.8664773	4.252646	41
TCATC	39154925	3.719724	4.4003925	20
GATGA	40268630	3.6696818	4.0456395	78
>>END_MODULE
