##FastQC	0.10.0
>>Basic Statistics	pass
#Measure	Value	
Filename	120315_0312_AD0T4UACXX_3_SA-PE-042_2.sanfastq.gz	
File type	Conventional base calls	
Encoding	Sanger / Illumina 1.9	
Total Sequences	27131317	
Filtered Sequences	0	
Sequence length	101	
%GC	45	
>>END_MODULE
>>Per base sequence quality	fail
#Base	Mean	Median	Lower Quartile	Upper Quartile	10th Percentile	90th Percentile
1	27.89000158009285	31.0	27.0	31.0	16.0	34.0
2	28.240206584884913	31.0	27.0	31.0	16.0	34.0
3	28.027469805465028	31.0	27.0	33.0	16.0	34.0
4	31.47171171233597	35.0	30.0	37.0	19.0	37.0
5	31.3546147428081	35.0	30.0	37.0	19.0	37.0
6	31.141391477605012	35.0	30.0	37.0	17.0	37.0
7	30.900879710336213	35.0	30.0	37.0	16.0	37.0
8	30.76377608208256	35.0	30.0	37.0	15.0	37.0
9	31.68991346789395	35.0	30.0	39.0	15.0	39.0
10	31.722625075664407	35.0	30.0	39.0	15.0	39.0
11	31.59571015295719	35.0	30.0	39.0	15.0	39.0
12	31.693063517705387	35.0	30.0	39.0	15.0	39.0
13	31.65792954319173	35.0	30.0	39.0	15.0	39.0
14	32.233860413042244	36.0	30.0	40.0	15.0	41.0
15	32.27615283106235	36.0	30.0	40.0	16.0	41.0
16	31.862230167448192	36.0	29.0	39.0	11.0	41.0
17	31.817801804460874	36.0	28.0	39.0	11.0	41.0
18	31.598075205858972	36.0	27.0	39.0	11.0	41.0
19	31.986174316565613	36.0	29.0	40.0	11.0	41.0
20	31.98971690168966	36.0	29.0	39.0	11.0	41.0
21	31.871972083036	36.0	29.0	39.0	11.0	41.0
22	31.786544088515864	36.0	29.0	39.0	11.0	41.0
23	31.74366684816664	36.0	29.0	39.0	10.0	41.0
24	31.626900640319082	36.0	29.0	39.0	10.0	41.0
25	31.73215878167654	36.0	29.0	39.0	11.0	41.0
26	31.543309711061944	36.0	29.0	39.0	10.0	41.0
27	31.352094186950083	36.0	28.0	39.0	10.0	40.0
28	31.351324043724084	36.0	29.0	39.0	10.0	40.0
29	31.17141998672604	36.0	28.0	39.0	10.0	40.0
30	30.857767575381615	36.0	27.0	39.0	9.0	40.0
31	30.848945887882994	36.0	27.0	39.0	9.0	40.0
32	30.439357440702196	35.0	27.0	39.0	9.0	40.0
33	30.296304082842717	35.0	26.0	39.0	8.0	40.0
34	30.273959387964837	35.0	26.0	39.0	8.0	40.0
35	30.05613376600922	35.0	25.0	39.0	8.0	40.0
36	29.487788816149248	35.0	25.0	39.0	8.0	40.0
37	29.457899850567518	35.0	25.0	39.0	7.0	40.0
38	29.302672590497544	34.0	24.0	38.0	6.0	40.0
39	29.24606597608218	34.0	24.0	38.0	2.0	40.0
40	29.01292030902886	34.0	24.0	39.0	2.0	40.0
41	29.032550539290074	34.0	24.0	39.0	2.0	40.0
42	28.954624871324896	34.0	24.0	39.0	2.0	40.0
43	28.905211125578607	34.0	24.0	39.0	2.0	40.0
44	28.6206880779138	34.0	23.0	38.0	2.0	40.0
45	28.748330204538174	34.0	24.0	38.0	2.0	40.0
46	28.64917169336085	34.0	24.0	38.0	2.0	40.0
47	28.818350874747438	34.0	24.0	38.0	2.0	40.0
48	28.600984721825334	34.0	24.0	38.0	2.0	40.0
49	28.425610485476987	34.0	23.0	38.0	2.0	40.0
50	28.03506084868641	33.0	23.0	38.0	2.0	40.0
51	26.724428674066946	32.0	20.0	37.0	2.0	39.0
52	27.274163838047375	33.0	22.0	38.0	2.0	39.0
53	27.581903488135133	33.0	22.0	38.0	2.0	40.0
54	27.704554371614176	33.0	22.0	38.0	2.0	40.0
55	27.79958588077387	34.0	22.0	38.0	2.0	40.0
56	27.675629605448197	33.0	22.0	38.0	2.0	40.0
57	27.543101759490703	33.0	22.0	38.0	2.0	40.0
58	27.34852657539625	33.0	21.0	38.0	2.0	40.0
59	27.0571567904352	33.0	20.0	38.0	2.0	40.0
60	26.726859370667484	33.0	18.0	38.0	2.0	40.0
61	26.547049153566707	33.0	18.0	38.0	2.0	40.0
62	26.162713258630237	32.0	15.0	37.0	2.0	40.0
63	26.049158431933105	32.0	15.0	37.0	2.0	40.0
64	25.71343031375882	32.0	13.0	37.0	2.0	40.0
65	25.386484187258585	32.0	9.0	37.0	2.0	40.0
66	25.085099112586388	31.0	8.0	36.0	2.0	39.0
67	24.827972633986032	31.0	8.0	36.0	2.0	39.0
68	24.529482995609833	31.0	7.0	36.0	2.0	39.0
69	24.272076619059813	31.0	7.0	36.0	2.0	39.0
70	24.044904970886595	31.0	5.0	35.0	2.0	39.0
71	23.914488633190935	31.0	2.0	35.0	2.0	39.0
72	23.79099282205873	31.0	2.0	35.0	2.0	39.0
73	23.50224543099032	30.0	2.0	35.0	2.0	38.0
74	23.29154456453404	30.0	2.0	35.0	2.0	38.0
75	23.014423405985045	30.0	2.0	35.0	2.0	37.0
76	22.82761961020912	30.0	2.0	35.0	2.0	37.0
77	22.626354518654587	30.0	2.0	35.0	2.0	37.0
78	22.339904988762616	29.0	2.0	34.0	2.0	36.0
79	22.07543087569247	29.0	2.0	34.0	2.0	36.0
80	21.86908036937536	29.0	2.0	34.0	2.0	36.0
81	21.59041545974344	29.0	2.0	34.0	2.0	36.0
82	21.339193523115743	29.0	2.0	34.0	2.0	36.0
83	21.10460789647624	29.0	2.0	34.0	2.0	35.0
84	20.899442404509887	28.0	2.0	34.0	2.0	35.0
85	20.712915889781538	28.0	2.0	34.0	2.0	35.0
86	20.444550369596875	27.0	2.0	34.0	2.0	35.0
87	20.128911655855113	27.0	2.0	34.0	2.0	35.0
88	19.958711292931337	27.0	2.0	34.0	2.0	35.0
89	19.69910347514645	26.0	2.0	34.0	2.0	35.0
90	19.418424840931976	26.0	2.0	34.0	2.0	35.0
91	19.090199344174852	25.0	2.0	34.0	2.0	35.0
92	18.74028267776312	25.0	2.0	34.0	2.0	35.0
93	18.35282839384465	24.0	2.0	33.0	2.0	35.0
94	18.058892423099106	24.0	2.0	33.0	2.0	35.0
95	17.74432409602527	23.0	2.0	33.0	2.0	35.0
96	17.31179006164721	20.0	2.0	33.0	2.0	35.0
97	17.076598493173037	19.0	2.0	33.0	2.0	35.0
98	16.750642477104964	17.0	2.0	33.0	2.0	35.0
99	16.284699633268815	2.0	2.0	32.0	2.0	35.0
100	15.88300284132908	2.0	2.0	32.0	2.0	35.0
101	14.580368730349507	2.0	2.0	31.0	2.0	34.0
>>END_MODULE
>>Per sequence quality scores	pass
#Quality	Count
2	526388.0
3	211948.0
4	183432.0
5	192638.0
6	219335.0
7	294752.0
8	346031.0
9	364102.0
10	372264.0
11	378424.0
12	394164.0
13	415411.0
14	437387.0
15	455381.0
16	470162.0
17	483464.0
18	500535.0
19	522143.0
20	548852.0
21	583615.0
22	623942.0
23	664420.0
24	712446.0
25	764325.0
26	822956.0
27	887468.0
28	961105.0
29	1038764.0
30	1128661.0
31	1228082.0
32	1334959.0
33	1458349.0
34	1579179.0
35	1695521.0
36	1748181.0
37	1577710.0
38	876050.0
39	128187.0
40	584.0
>>END_MODULE
>>Per base sequence content	warn
#Base	G	A	T	C
1	22.978756577808845	32.37035544909712	22.260563887748805	22.39032408534523
2	20.577848835554928	31.216156902963426	30.63812156040166	17.567872701079988
3	18.239918497646837	28.055154152125073	31.204446802593612	22.50048054763448
4	21.005185195423905	28.496370731797217	28.84220032159822	21.656243751180654
5	20.880768834864433	28.547133135386986	29.298003734573353	21.274094295175228
6	21.09205574634773	28.662585755965246	26.408399973708036	23.83695852397899
7	21.57391657700482	27.865116515151428	28.676691480816302	21.884275427027454
8	20.185105716088596	27.243640920056688	29.283163224649122	23.28809013920559
9	20.62288262853289	27.10042511616718	28.871486666878205	23.405205588421726
10	21.018339500384897	28.035833396016496	28.10925662001502	22.836570483583586
11	21.052117893188097	27.961078950228057	28.152697910416798	22.83410524616705
12	20.99812877638616	27.4589618290003	28.764197279441934	22.778712115171604
13	20.809108055362284	27.616141913507793	28.785302957608423	22.789447073521504
14	20.46759778422233	28.0006515473974	28.99930104385936	22.532449624520908
15	20.48690879487769	27.592575756815464	29.008061757216307	22.912453691090537
16	21.0508151991001	28.014378690139623	28.101159142095746	22.83364696866453
17	20.843539565644008	27.536274558423635	28.912507128865084	22.707678747067277
18	20.999249096907015	27.12256879486751	28.59321927385099	23.284962834374483
19	20.981022081144665	27.65250378864418	28.449759886823788	22.916714243387364
20	20.853883856048423	27.321312358083627	28.89787938009164	22.926924405776305
21	21.153837485552867	27.470525117078942	27.91322565501731	23.46241174235088
22	21.25431919063549	27.431523765015342	28.312474254797614	23.00168278955156
23	21.058861799564752	27.122610490895056	28.587233252192956	23.231294457347236
24	20.984749653813974	27.377750025968105	28.231264593908676	23.406235726309244
25	21.0711713227621	27.34032079752147	28.531997833207136	23.056510046509292
26	21.33584099712924	27.554838107770298	28.004181178291	23.10513971680946
27	21.46930519850812	27.04035861198412	28.22644671109331	23.263889478414445
28	21.522640847351784	27.053390317166237	27.995384538425235	23.428584297056748
29	21.313721422142333	27.26420307807712	28.264471250348507	23.15760424943204
30	21.388563730198335	26.829435510845634	28.187625485304658	23.594375273651373
31	21.654489197670326	27.387829634599083	27.500416942134198	23.457264225596397
32	21.62686588511249	27.059409152965703	28.30582534192949	23.007899619992315
33	21.39503214679418	26.65689756298402	27.942418092003397	24.005652198218403
34	21.38203380022685	27.389471495000024	27.813076331853548	23.415418372919582
35	21.466657686981872	26.95083374783011	28.499614868420064	23.082893696767954
36	21.819151076100795	27.103852797537233	27.43344185952384	23.643554266838134
37	21.804921233667102	27.035310898237285	27.783093991488812	23.376673876606798
38	21.62108363626648	26.791447750725787	28.00911484213351	23.578353770874223
39	21.49935828373159	27.031699684557807	27.833499931740974	23.635442099969627
40	21.837685697872864	26.79229853862074	27.995578786851738	23.374436976654657
41	21.712273766594766	27.171082838971877	27.54202095518869	23.574622439244667
42	21.69565911426598	26.7911558770418	27.909577664851554	23.603607343840668
43	21.709417039495673	26.84197492106273	27.743460084400862	23.70514795504074
44	21.668518271013006	27.020091461262176	27.970888813009125	23.340501454715692
45	21.50085850078512	26.780664218935897	28.090617620525194	23.627859659753785
46	22.031364488984924	27.2447685382671	27.166498864982557	23.557368107765416
47	21.80093498134814	26.980470248029352	27.99516517108588	23.22342959953663
48	21.857726226693654	26.602604348400288	27.699723929851473	23.83994549505458
49	21.815574929538155	27.118189826468548	27.514806771721332	23.55142847227196
50	21.922717964083724	26.741595608025932	28.002676506356888	23.333009921533456
51	21.6708689516559	27.020415747635905	27.4335857065783	23.87512959412989
52	21.868221729848024	26.888346482764646	27.850383723860944	23.393048063526383
53	21.74490547100293	26.70721748772608	27.9916162825667	23.556260758704287
54	21.53782157752925	26.856509061381168	27.793828664230613	23.81184069685897
55	21.70403139422798	26.818918295050747	27.95946896117531	23.517581349545967
56	21.844398310678002	27.064445225129326	27.46383766947002	23.62731879472265
57	21.783438497821038	26.735328528251234	27.863156309882186	23.61807666404554
58	21.921954071935374	26.761691768295375	27.578435334539286	23.737918825229965
59	21.642736179972637	27.037029143324688	27.865961694402348	23.454272982300328
60	21.811532316486552	26.545492349155314	27.884243778561572	23.75873155579656
61	22.019622005057133	27.08795644165532	27.1398830465362	23.752538506751346
62	22.052675162759204	26.709474661107173	27.926285325344168	23.311564850789452
63	21.889200237802154	26.427654682741657	27.6586300947605	24.024514984695692
64	21.87906506266448	26.923267438178517	27.53786887157206	23.65979862758494
65	21.934548442770723	26.566504971164388	28.11995594989219	23.3789906361727
66	22.11363439969925	26.822349516272624	27.179624048081696	23.884392035946426
67	22.20754237233286	26.749634549897692	27.552113970503257	23.49070910726619
68	22.124044427154953	26.479339147475798	27.6813969981884	23.71521942718085
69	21.932111810574572	26.76543445752927	27.528519589020007	23.773934142876154
70	22.13044264281241	26.57913314131758	27.720322133376186	23.570102082493825
71	22.10257490828389	26.86585397923576	27.28672595365093	23.744845158829413
72	22.23352787696729	26.497971620324723	27.534588887230065	23.733911615477925
73	22.23405334069605	26.56795438527537	27.36512925569868	23.832863018329896
74	21.90828365934366	26.78057003653504	27.699529908787024	23.611616395334277
75	21.988411103200637	26.373760131688144	27.728995147660175	23.908833617451045
76	22.242878150542047	26.857398488054073	27.086014916116486	23.813708445287393
77	22.384884349187214	26.54482128473922	27.633076389038315	23.43721797703525
78	22.293649791020844	26.31786415462073	27.318444125430307	24.07004192892812
79	22.17787802650245	26.84597460949945	27.270748440603132	23.70539892339497
80	22.220939597136706	26.488604359000327	27.741611120287985	23.548844923574983
81	22.432200854044186	26.714230182906817	26.922499005456828	23.931069957592168
82	22.59818527335169	26.624196769490133	27.320912934035878	23.4567050231223
83	22.351632506257587	26.446428270242585	27.42069677824836	23.78124244525147
84	22.132015092491358	26.5886356477336	27.284873826320933	23.99447543345411
85	22.29162702638881	26.565619591228963	27.477733137358705	23.665020245023523
86	22.486217255404764	26.807568165045748	27.048088122860893	23.658126456688596
87	22.65050352364084	26.458844716920954	27.252935467253707	23.6377162921845
88	22.629407297298425	26.484435413792458	27.017655217331992	23.868502071577122
89	22.468165120101265	26.760551549883914	27.24516675261746	23.52611657739736
90	22.632167187404423	26.33147814686903	27.255906234861566	23.780448430864983
91	22.84013830718376	26.78090040903458	26.49163715871361	23.887324125068048
92	22.879008945212558	26.43078441092634	27.0697138862452	23.6204927576159
93	22.9058922442083	26.17193335830448	26.787684125456067	24.13449027203115
94	22.738139025104854	26.607853966116206	26.8090016990418	23.845005309737136
95	22.757477624027363	26.2150008231669	27.26866186026089	23.75885969254485
96	22.96923762487501	26.383607075144482	26.44664140578702	24.200513894193485
97	23.17455087569101	26.493457110056845	26.739067109766733	23.59292490448541
98	23.153659899918765	26.22350365415042	26.82674222755849	23.796094218372318
99	23.08084050890805	26.321517194373346	26.671917911296976	23.925724385421628
100	23.318596919532116	26.181134581145493	26.858795969789682	23.64147252953271
101	24.392501365351304	25.94871911623768	26.025445631927308	23.63333388648371
>>END_MODULE
>>Per base GC content	warn
#Base	%GC
1	45.36908066315408
2	38.145721536634916
3	40.740399045281315
4	42.66142894660456
5	42.15486313003966
6	44.92901427032672
7	43.45819200403228
8	43.473195855294186
9	44.028088216954615
10	43.85490998396848
11	43.886223139355145
12	43.77684089155777
13	43.598555128883795
14	43.00004740874324
15	43.399362485968226
16	43.88446216776463
17	43.551218312711285
18	44.2842119312815
19	43.89773632453203
20	43.78080826182473
21	44.61624922790375
22	44.25600198018705
23	44.29015625691199
24	44.39098538012322
25	44.12768136927139
26	44.44098071393871
27	44.733194676922565
28	44.95122514440853
29	44.47132567157437
30	44.98293900384971
31	45.11175342326673
32	44.63476550510481
33	45.40068434501258
34	44.79745217314643
35	44.54955138374982
36	45.462705342938925
37	45.1815951102739
38	45.1994374071407
39	45.13480038370122
40	45.21212267452752
41	45.28689620583943
42	45.29926645810664
43	45.41456499453641
44	45.0090197257287
45	45.1287181605389
46	45.58873259675034
47	45.024364580884765
48	45.697671721748236
49	45.367003401810116
50	45.25572788561718
51	45.54599854578579
52	45.26126979337441
53	45.30116622970722
54	45.34966227438822
55	45.221612743773946
56	45.47171710540066
57	45.40151516186658
58	45.659872897165336
59	45.09700916227297
60	45.570263872283114
61	45.77216051180848
62	45.36424001354866
63	45.91371522249784
64	45.53886369024943
65	45.31353907894342
66	45.99802643564568
67	45.69825147959906
68	45.8392638543358
69	45.706045953450726
70	45.70054472530624
71	45.84742006711331
72	45.967439492445216
73	46.066916359025946
74	45.51990005467793
75	45.89724472065168
76	46.056586595829444
77	45.82210232622246
78	46.36369171994897
79	45.883276949897414
80	45.769784520711696
81	46.363270811636355
82	46.054890296473985
83	46.13287495150906
84	46.12649052594547
85	45.95664727141233
86	46.14434371209336
87	46.288219815825336
88	46.497909368875554
89	45.99428169749862
90	46.412615618269406
91	46.72746243225181
92	46.499501702828454
93	47.040382516239454
94	46.58314433484199
95	46.51633731657221
96	47.1697515190685
97	46.76747578017642
98	46.94975411829109
99	47.00656489432968
100	46.960069449064825
101	48.02583525183501
>>END_MODULE
>>Per sequence GC content	fail
#GC Content	Count
0	1763.0
1	3335.0
2	5987.5
3	6127.5
4	4116.0
5	2619.0
6	2156.5
7	2193.0
8	2483.5
9	2744.5
10	2953.5
11	3262.5
12	3567.0
13	3737.5
14	3851.5
15	4003.0
16	4274.5
17	5146.0
18	6896.0
19	10222.5
20	18366.5
21	27938.0
22	39783.0
23	60022.0
24	87831.5
25	123740.5
26	167543.5
27	218626.5
28	277367.0
29	343324.5
30	413521.5
31	489148.0
32	568344.5
33	653666.5
34	728754.0
35	782895.0
36	832832.5
37	877108.0
38	916287.0
39	978273.0
40	1359346.0
41	1386676.5
42	1028891.5
43	964492.5
44	931358.5
45	901003.5
46	867478.0
47	826460.0
48	781991.5
49	737446.5
50	692791.5
51	646183.0
52	600561.0
53	562070.5
54	529193.0
55	501884.5
56	476191.0
57	442839.0
58	402224.5
59	362630.0
60	327547.0
61	297843.5
62	273927.0
63	253849.0
64	236198.0
65	220946.0
66	206875.5
67	194053.0
68	181499.5
69	167780.5
70	154545.0
71	141620.5
72	127180.5
73	112464.5
74	98396.5
75	84868.0
76	72082.5
77	60105.5
78	49620.5
79	40453.0
80	32627.0
81	25951.5
82	20454.5
83	15951.5
84	12265.0
85	9358.5
86	7011.0
87	5222.5
88	3846.5
89	2770.5
90	1979.5
91	1419.5
92	1023.5
93	713.0
94	469.5
95	300.5
96	199.0
97	132.0
98	74.5
99	34.5
100	11.5
>>END_MODULE
>>Per base N content	pass
#Base	N-Count
1	0.004688309085769777
2	0.0035715184780746177
3	0.0029928513975197002
4	0.004393446879117589
5	0.02752907276856483
6	0.07509771825672892
7	0.08128245304125856
8	0.09402050036863305
9	0.1037067238571574
10	0.08879038197813988
11	0.076454084407329
12	0.060590497689441324
13	0.07054946871911895
14	0.09808591304285008
15	0.10519577800075094
16	1.3280262067632027
17	0.11141737056111209
18	0.11775322222655096
19	0.09573438694479888
20	0.08448907953860109
21	0.24101668193991466
22	0.23281951259498385
23	1.0165411432109985
24	0.14887224236110616
25	0.11557492767490793
26	0.12770850747864546
27	0.1399379174995449
28	0.1625501629721845
29	0.17684360843964927
30	0.2208517927824882
31	0.24035324197494726
32	0.2697252035350883
33	0.31012501162402106
34	0.33026410033836545
35	0.3409565411070904
36	0.37670121210850177
37	0.3792333413081274
38	0.4001943584235148
39	0.4026712009593931
40	0.4079381771257179
41	0.4207020248961744
42	0.39070348114689757
43	0.4177681459399851
44	0.3910794304603791
45	0.34456491736099654
46	0.27121057190109865
47	0.22814963239712988
48	0.19955168412945085
49	0.16857640932063858
50	0.12826505989370143
51	0.10834343205676304
52	0.10550169754015258
53	0.11487462993410899
54	0.14122793965364822
55	0.17173143493181697
56	0.18312048766375771
57	0.19396773109097507
58	0.19508083592108705
59	0.2162371992483815
60	0.23316228991021706
61	0.24397267556160288
62	0.2592133658679378
63	0.2772147035840538
64	0.2917329814840909
65	0.3026797409060533
66	0.32010241154161445
67	0.34182638461671433
68	0.3643059420963604
69	0.3801510999263324
70	0.3654817051453861
71	0.3477678580807559
72	0.3345506596675716
73	0.33383930459402317
74	0.3292541972805817
75	0.31550993267300664
76	0.30736436421423996
77	0.3075081095399829
78	0.30740859354523775
79	0.33383561881644
80	0.34923111178126737
81	0.3363788053488152
82	0.3313108611719807
83	0.35140572055532726
84	0.3661156588896883
85	0.3557696812137796
86	0.3574098522382824
87	0.35984615122074615
88	0.37917805464438015
89	0.391296891337785
90	0.397319451908656
91	0.41402339591550236
92	0.4361012036385849
93	0.4772455387993145
94	0.49296169441387605
95	0.4862720081004545
96	0.4563434941252576
97	0.39501584091918573
98	0.37916699731163067
99	0.36955448937476937
100	0.28470788941060254
101	0.2734036095630743
>>END_MODULE
>>Sequence Length Distribution	pass
#Length	Count
101	2.7131317E7
>>END_MODULE
>>Sequence Duplication Levels	pass
#Total Duplicate Percentage	18.710084252748768
#Duplication Level	Relative count
1	100.0
2	7.913631299904929
3	2.310281071559804
4	1.0241993339204787
5	0.6812442038833253
6	0.5161824661273483
7	0.404197117543788
8	0.31904159205837235
9	0.2747140582440464
10++	3.207913631299905
>>END_MODULE
>>Overrepresented sequences	warn
#Sequence	Count	Percentage	Possible Source
AACCTAACCTAACCTAACCTAACCTAACCTAACCTAACCTAACCTAACCT	239419	0.8824451831807502	No Hit
CTAACCTAACCTAACCTAACCTAACCTAACCTAACCTAACCTAACCTAAC	225308	0.8304351757048875	No Hit
CCTAACCTAACCTAACCTAACCTAACCTAACCTAACCTAACCTAACCTAA	171260	0.6312262688906698	No Hit
ACCTAACCTAACCTAACCTAACCTAACCTAACCTAACCTAACCTAACCTA	170097	0.6269397095614636	No Hit
TAACCTAACCTAACCTAACCTAACCTAACCTAACCTAACCTAACCTAACC	133680	0.49271474731580484	No Hit
GTTAGGTTAGGTTAGGTTAGGTTAGGTTAGGTTAGGTTAGGTTAGGTTAG	44567	0.16426404954835036	No Hit
GGTTAGGTTAGGTTAGGTTAGGTTAGGTTAGGTTAGGTTAGGTTAGGTTA	36076	0.13296811208980383	No Hit
AGGTTAGGTTAGGTTAGGTTAGGTTAGGTTAGGTTAGGTTAGGTTAGGTT	35548	0.1310220215258994	No Hit
TAGGTTAGGTTAGGTTAGGTTAGGTTAGGTTAGGTTAGGTTAGGTTAGGT	28142	0.10372515274507316	No Hit
>>END_MODULE
>>Kmer Content	fail
#Sequence	Count	Obs/Exp Overall	Obs/Exp Max	Max Obs/Exp Position
ACCTA	24580270	8.440442	11.018415	22
CTAAC	24292410	8.341597	10.882158	24
AACCT	24117775	8.28163	10.927961	1
TAACC	23792240	8.169847	10.8037815	25
CCTAA	23757600	8.157951	10.8109045	23
CATCA	10012365	3.438074	4.1659265	48
TCATC	9850765	3.2978632	4.1648235	2
GTTAG	8560980	3.2957606	5.551491	1
TAGGT	8492865	3.2695382	5.3384104	3
AGGTT	8290400	3.1915946	5.12038	4
TTAGG	8286525	3.1901028	5.283698	2
GGTTA	8006080	3.0821383	5.137989	1
GGGGG	3942780	3.05414	7.748514	97
>>END_MODULE
