##FastQC	0.10.0
>>Basic Statistics	pass
#Measure	Value	
Filename	120315_0312_AD0T4UACXX_3_SA-PE-042_1.sanfastq.gz	
File type	Conventional base calls	
Encoding	Sanger / Illumina 1.9	
Total Sequences	27131317	
Filtered Sequences	0	
Sequence length	101	
%GC	44	
>>END_MODULE
>>Per base sequence quality	fail
#Base	Mean	Median	Lower Quartile	Upper Quartile	10th Percentile	90th Percentile
1	30.416260257472942	31.0	30.0	31.0	27.0	34.0
2	30.68395419212418	31.0	30.0	33.0	27.0	34.0
3	30.898454763548706	31.0	30.0	34.0	27.0	34.0
4	34.76232852979455	35.0	35.0	37.0	32.0	37.0
5	34.39145832839593	35.0	35.0	37.0	30.0	37.0
6	34.282904807016926	35.0	35.0	37.0	30.0	37.0
7	34.12513155922361	35.0	35.0	37.0	30.0	37.0
8	34.27469941838798	35.0	35.0	37.0	30.0	37.0
9	35.645259056167454	37.0	35.0	39.0	30.0	39.0
10	35.4971701521161	37.0	35.0	39.0	30.0	39.0
11	35.43883575574308	37.0	34.0	39.0	30.0	39.0
12	35.30787701901828	37.0	34.0	39.0	30.0	39.0
13	35.334927604141	37.0	34.0	39.0	30.0	39.0
14	36.152727602570856	38.0	34.0	40.0	30.0	41.0
15	36.10717588829175	38.0	34.0	40.0	29.0	41.0
16	35.957534829584574	38.0	34.0	40.0	29.0	41.0
17	35.782776118092606	38.0	34.0	40.0	27.0	41.0
18	35.84901713396368	38.0	34.0	40.0	29.0	41.0
19	36.059736097587894	38.0	34.0	40.0	29.0	41.0
20	35.925941191870635	38.0	34.0	40.0	29.0	41.0
21	35.78698262233271	38.0	34.0	40.0	28.0	41.0
22	35.97109384701082	38.0	34.0	40.0	29.0	41.0
23	35.911342269157075	38.0	34.0	40.0	29.0	41.0
24	35.7787090099607	38.0	34.0	40.0	28.0	41.0
25	35.56388379524665	38.0	34.0	40.0	27.0	41.0
26	35.22609886574986	38.0	34.0	40.0	27.0	41.0
27	35.04493445710726	38.0	33.0	40.0	26.0	41.0
28	34.940748950742055	38.0	33.0	40.0	26.0	41.0
29	34.71328494669094	37.0	33.0	40.0	25.0	41.0
30	34.689049153050696	37.0	33.0	40.0	25.0	41.0
31	34.50493737550595	37.0	33.0	40.0	25.0	41.0
32	34.39408459235503	37.0	33.0	40.0	25.0	41.0
33	34.26224141644138	37.0	32.0	40.0	24.0	41.0
34	34.085386013513464	37.0	32.0	40.0	24.0	41.0
35	33.98168761951364	37.0	32.0	40.0	24.0	40.0
36	33.79989887700623	37.0	31.0	39.0	24.0	40.0
37	33.714002051577516	37.0	31.0	39.0	24.0	40.0
38	33.54654482862001	37.0	31.0	39.0	24.0	40.0
39	33.415841848001705	37.0	31.0	39.0	23.0	40.0
40	33.24333566262191	36.0	31.0	39.0	23.0	40.0
41	33.13216291711899	36.0	31.0	39.0	22.0	40.0
42	32.87572284087794	36.0	30.0	39.0	21.0	40.0
43	32.60988454780872	36.0	30.0	39.0	19.0	40.0
44	32.168334511737854	35.0	30.0	39.0	18.0	40.0
45	32.20103384586896	35.0	30.0	39.0	18.0	40.0
46	32.1353348235915	35.0	30.0	39.0	18.0	40.0
47	31.79006345324114	35.0	30.0	39.0	15.0	40.0
48	31.747125176415135	35.0	30.0	39.0	15.0	40.0
49	31.522106354070463	35.0	29.0	39.0	15.0	40.0
50	31.37190531517508	35.0	29.0	39.0	14.0	40.0
51	31.206328612798266	35.0	29.0	39.0	13.0	40.0
52	30.828457129449337	35.0	28.0	38.0	9.0	40.0
53	30.667965473257343	35.0	28.0	38.0	9.0	40.0
54	30.339551264687962	34.0	27.0	38.0	8.0	40.0
55	30.126504585088885	34.0	27.0	38.0	8.0	40.0
56	29.93811907472092	34.0	27.0	38.0	7.0	40.0
57	29.754600228215978	34.0	27.0	38.0	7.0	40.0
58	29.187962567390297	34.0	26.0	38.0	6.0	40.0
59	29.09517838739638	33.0	26.0	38.0	2.0	40.0
60	28.923702745428834	33.0	26.0	37.0	2.0	40.0
61	28.718161230433452	33.0	26.0	37.0	2.0	40.0
62	28.399140852616924	33.0	25.0	37.0	2.0	40.0
63	27.96247461927484	33.0	24.0	37.0	2.0	39.0
64	27.704683484402914	32.0	23.0	36.0	2.0	39.0
65	27.447120241158952	32.0	23.0	36.0	2.0	39.0
66	27.005954078823375	32.0	22.0	36.0	2.0	39.0
67	26.637762848003288	31.0	22.0	36.0	2.0	39.0
68	26.40739091287017	31.0	21.0	35.0	2.0	39.0
69	26.09122203688085	31.0	20.0	35.0	2.0	38.0
70	25.73875396465273	31.0	20.0	35.0	2.0	38.0
71	25.487744144524942	31.0	19.0	35.0	2.0	38.0
72	25.213010816983193	31.0	18.0	35.0	2.0	38.0
73	24.87443315044382	30.0	18.0	35.0	2.0	37.0
74	24.55127500813912	30.0	16.0	34.0	2.0	37.0
75	24.26825255110174	30.0	13.0	34.0	2.0	37.0
76	23.38110110909839	29.0	13.0	33.0	2.0	35.0
77	23.873262952918946	29.0	15.0	34.0	2.0	36.0
78	24.164975994346314	30.0	15.0	34.0	2.0	36.0
79	24.197136725799194	30.0	15.0	34.0	2.0	36.0
80	24.07220910064926	30.0	12.0	34.0	2.0	36.0
81	23.877284320551045	30.0	10.0	34.0	2.0	36.0
82	23.554510162554955	30.0	7.0	34.0	2.0	35.0
83	23.327621508384574	30.0	7.0	34.0	2.0	35.0
84	23.092010092985902	30.0	2.0	34.0	2.0	35.0
85	22.806003003835016	29.0	2.0	34.0	2.0	35.0
86	22.449121360382176	29.0	2.0	34.0	2.0	35.0
87	22.185672372631227	29.0	2.0	34.0	2.0	35.0
88	21.915960732757647	29.0	2.0	34.0	2.0	35.0
89	21.557814130438267	29.0	2.0	34.0	2.0	35.0
90	21.27734658070598	29.0	2.0	34.0	2.0	35.0
91	20.943527990181973	29.0	2.0	33.0	2.0	35.0
92	20.55309504510968	27.0	2.0	33.0	2.0	35.0
93	20.243242412449053	27.0	2.0	33.0	2.0	35.0
94	19.873367223566774	27.0	2.0	33.0	2.0	35.0
95	19.523341384423027	26.0	2.0	33.0	2.0	35.0
96	19.14212981257047	26.0	2.0	33.0	2.0	35.0
97	18.69924556187228	25.0	2.0	33.0	2.0	35.0
98	18.160295609682347	25.0	2.0	33.0	2.0	34.0
99	17.567534742231643	23.0	2.0	33.0	2.0	34.0
100	16.799746912396476	18.0	2.0	32.0	2.0	34.0
101	14.643880501635804	2.0	2.0	29.0	2.0	33.0
>>END_MODULE
>>Per sequence quality scores	pass
#Quality	Count
2	489.0
3	774.0
4	1680.0
5	4486.0
6	12771.0
7	35662.0
8	78715.0
9	116150.0
10	148372.0
11	191100.0
12	247751.0
13	301310.0
14	342517.0
15	379635.0
16	416891.0
17	452994.0
18	482440.0
19	505470.0
20	520687.0
21	540935.0
22	572520.0
23	626829.0
24	704118.0
25	800960.0
26	918192.0
27	1044973.0
28	1163664.0
29	1288442.0
30	1417991.0
31	1553651.0
32	1696546.0
33	1845165.0
34	1988794.0
35	2097462.0
36	2079445.0
37	1717910.0
38	766328.0
39	67011.0
40	487.0
>>END_MODULE
>>Per base sequence content	warn
#Base	G	A	T	C
1	25.310195974430787	33.561446685410814	22.14931342012854	18.97904392002986
2	21.77954354372108	31.98354138134909	31.280999002002	14.955916072927828
3	19.83633932012059	29.70092847203038	31.359410507522078	19.10332170032695
4	21.665000877768836	30.68051798055006	29.536606240860873	18.11787490082023
5	21.716712093261084	29.89937790340218	28.98586530097304	19.39804470236369
6	22.22446849889373	30.06796168427799	26.89343093812954	20.81413887869874
7	23.470825245969447	29.646437730980768	27.65217405406453	19.23056296898525
8	21.633619923426497	29.077036695269896	28.630718516170816	20.65862486513279
9	21.857420338275507	28.882939961963512	28.69055342945571	20.56908627030527
10	22.400088429175774	29.211445946394715	27.997671473154067	20.390794151275443
11	22.382802132310793	29.45638060990552	27.67737002962296	20.483447228160724
12	22.704670031314738	28.780534317593208	27.966825200560663	20.54797045053139
13	22.6625858228703	28.85650556513714	28.088514833246027	20.39239377874653
14	21.891981874672727	29.552354572393224	28.322034643581805	20.233628909352245
15	22.284063836635724	29.101853035737264	28.054410333269114	20.5596727943579
16	22.988887712306777	29.307530482209916	27.158725837009683	20.544855968473627
17	22.93994795755768	28.85698103044537	27.7828532982752	20.420217713721748
18	23.109770159701426	28.46168138465228	27.763598796180812	20.66494965946548
19	22.6300109205904	29.09651602979686	27.7587446271038	20.51472842250894
20	22.745438417161985	28.70427926517537	27.823824401889517	20.72645791577313
21	23.248101078174717	28.80353356971208	26.936270730978524	21.012094621134683
22	23.332641758599483	28.59100794848993	27.393484068613404	20.682866224297182
23	23.1544049262334	28.461029002020066	27.646479527698563	20.738086544047974
24	22.785619832279956	28.793260532500437	27.422750335839257	20.99836929938035
25	23.07846591605127	28.555613467415803	27.45814397150687	20.90777664502605
26	23.462932328201177	28.736929516036998	26.838602523970273	20.96153563179155
27	23.85623648377836	28.245058961294344	27.074573105159672	20.82413144976762
28	23.890686605263767	28.152629198445585	27.18436548206134	20.772318714229307
29	23.21228804027591	28.700988407040985	27.36034339413786	20.72638015854525
30	23.490501790158977	28.216814959293384	27.204285321168292	21.08839792937934
31	23.9209627495973	28.592128743980226	26.44549730530359	21.041411201118887
32	23.78338420063371	28.365692261066865	27.09575243908644	20.755171099212987
33	23.795545323452405	27.908560738097776	27.22857529475573	21.067318643694087
34	23.346057283582862	28.585278362525667	27.045998665423028	21.022665688468443
35	23.477769411895164	28.378962538147835	27.259529290813024	20.883738759143977
36	24.04507949063043	28.42328855153212	26.381969678066035	21.149662279771412
37	24.175070454559947	28.161301568958113	26.70691216353412	20.95671581294782
38	23.954410322211782	28.04768010340228	27.13075447093114	20.867155103454802
39	23.569186292840037	28.37631752758541	27.086924401041053	20.967571778533504
40	23.93443325116596	28.10898288182561	26.927819191573	21.02876467543543
41	24.06004581380993	28.394072187785607	26.389964956283446	21.15591704212102
42	24.23139421322784	27.838157461995376	26.7896486549431	21.140799669833683
43	24.254256456705605	27.83088123065289	26.85422952872645	21.06063278391506
44	23.53055136562549	28.43569174640173	26.991660778312855	21.042096109659923
45	23.669346259325504	28.046790826875924	27.05624157191131	21.22762134188726
46	24.25438058437692	28.343979655962215	26.231429732537105	21.170210027123762
47	24.261006372825015	28.023469619011532	26.726370588214465	20.989153419948984
48	24.24312015944221	27.7731198879608	26.787860000578373	21.195899952018614
49	23.87584996790736	28.3752579254946	26.658390273354904	21.090501833243135
50	23.856227867272274	28.05472605237015	26.884029304137446	21.20501677622013
51	24.284327586999	28.2009593972982	26.097757857627712	21.416955158075087
52	24.494719777579135	27.906137120171742	26.443998320861816	21.155144781387307
53	24.230923814412623	27.750141980713494	26.848205232821627	21.170728972052256
54	23.757385695717666	28.020061344466658	26.764814809822663	21.457738149993013
55	24.038876042408507	27.88445808058066	26.629370822625813	21.44729505438502
56	24.28971070410866	28.066930021677017	26.08542151053534	21.557937763678986
57	24.451000686664642	27.606976678221386	26.44707777511201	21.494944860001965
58	24.578983907583197	27.625050890432096	26.47807119926843	21.317894002716272
59	23.78055860972991	28.239228969392737	26.64413213365603	21.33608028722133
60	24.135992448408356	27.636881182608136	26.57470139265607	21.652424976327435
61	24.551699717890603	27.976859681728317	25.851895243093896	21.619545357287187
62	24.540331625863544	27.676828873835007	26.40674621402225	21.376093286279204
63	24.504448137532346	27.30756389058071	26.615257612821164	21.572730359065776
64	24.08635657847152	28.00631506386784	26.433279323242548	21.474049034418094
65	24.1139955142883	27.73163202809527	26.641087720662345	21.513284736954088
66	24.58102433490305	27.813580910956297	25.893716731953813	21.711678022186838
67	24.83637162261914	27.594058605818404	26.104128602448213	21.46544116911424
68	24.604961406524342	27.437140701165262	26.456846484058318	21.501051408252078
69	24.150320693986828	27.93235266788077	26.351400366388223	21.56592627174417
70	24.415272949598137	27.621067825102703	26.32469598192124	21.63896324337792
71	24.587432328854497	27.790396949300877	25.877977571928017	21.744193149916608
72	24.84592816301515	27.39065625239813	26.086394656079502	21.677020928507222
73	24.783880265992725	27.39260621848852	26.19699291099736	21.626520604521403
74	24.077902221023965	27.936639895039146	26.471760634977137	21.513697248959744
75	24.495881642068934	27.53218271161572	26.295966588023123	21.675969058292225
76	24.47708178062218	28.016389552038422	25.941404671503765	21.56512399583563
77	24.580395343270546	27.706627607239266	26.38592076606725	21.327056283422944
78	24.710827712491803	27.408157149171934	26.39067244689965	21.490342691436616
79	24.280852894801722	28.048859192774273	26.239500537958577	21.430787374465428
80	24.28415575111929	27.77006145451606	26.402891887031554	21.542890907333096
81	24.770930849040525	27.83258741250493	25.74735708721111	21.649124651243433
82	24.946242892341008	27.638506468692096	26.007051045405277	21.40819959356162
83	24.65599808516483	27.57048616548913	26.37794545690502	21.39557029244102
84	24.28259925679496	27.89353856859682	26.34504484514842	21.4788173294598
85	24.53581056817025	27.64641669115577	26.319434541401566	21.498338199272414
86	24.772908666996223	27.838515876977176	25.85304271884376	21.535532737182837
87	25.038881664993134	27.475939118429604	25.98664425360383	21.498534962973434
88	24.995479605054644	27.444228429051403	26.041563888518947	21.518728077375002
89	24.56313277923142	27.9446991651593	26.07678194920518	21.415386106404107
90	24.840822723543134	27.511023426048	25.96903447067826	21.67911937973061
91	25.21939763716487	27.752787889815394	25.288520975193705	21.73929349782603
92	25.330519550576447	27.502742730243877	25.670174160881622	21.49656355829805
93	25.256678114402785	27.192317173646792	25.84257296871754	21.708431743232882
94	24.835362863489607	27.78381663061359	25.764426536356734	21.61639396954007
95	24.95276366391899	27.433710046723508	26.00590630242772	21.607619986929773
96	25.271183440867883	27.520172427859002	25.368595478339962	21.84004865293316
97	25.59850626266673	27.426319578381637	25.50268524809419	21.472488910857447
98	25.408722824521014	27.245573039669917	25.774344525756387	21.571359610052678
99	25.068594031708034	27.55022168722272	25.645352879957393	21.73583140111185
100	25.184992401330685	27.29819461634998	25.715807776491523	21.80100520582781
101	26.614593124537855	27.06543270765463	24.47327835145789	21.846695816349627
>>END_MODULE
>>Per base GC content	warn
#Base	%GC
1	44.28923989446064
2	36.73545961664891
3	38.93966102044754
4	39.782875778589066
5	41.11475679562477
6	43.03860737759247
7	42.7013882149547
8	42.29224478855929
9	42.42650660858078
10	42.79088258045122
11	42.866249360471514
12	43.25264048184613
13	43.054979601616836
14	42.12561078402497
15	42.843736630993625
16	43.533743680780404
17	43.360165671279425
18	43.774719819166904
19	43.14473934309934
20	43.47189633293511
21	44.2601956993094
22	44.015507982896665
23	43.89249147028138
24	43.783989131660306
25	43.986242561077326
26	44.42446795999273
27	44.68036793354598
28	44.663005319493074
29	43.938668198821155
30	44.57889971953832
31	44.962373950716184
32	44.5385552998467
33	44.862863967146495
34	44.36872297205131
35	44.36150817103914
36	45.19474177040185
37	45.13178626750777
38	44.821565425666584
39	44.53675807137354
40	44.96319792660139
41	45.21596285593095
42	45.37219388306152
43	45.314889240620666
44	44.572647475285414
45	44.896967601212765
46	45.42459061150068
47	45.250159792774
48	45.43902011146083
49	44.966351801150495
50	45.0612446434924
51	45.70128274507409
52	45.64986455896645
53	45.40165278646488
54	45.21512384571068
55	45.486171096793534
56	45.84764846778764
57	45.94594554666661
58	45.89687791029947
59	45.11663889695124
60	45.78841742473579
61	46.17124507517779
62	45.91642491214275
63	46.07717849659812
64	45.56040561288962
65	45.62728025124238
66	46.29270235708989
67	46.30181279173338
68	46.10601281477642
69	45.716246965731
70	46.054236192976056
71	46.3316254787711
72	46.52294909152237
73	46.410400870514124
74	45.59159946998371
75	46.171850700361155
76	46.04220577645781
77	45.90745162669349
78	46.20117040392842
79	45.71164026926715
80	45.82704665845239
81	46.42005550028396
82	46.354442485902624
83	46.051568377605854
84	45.76141658625476
85	46.03414876744266
86	46.30844140417906
87	46.537416627966564
88	46.51420768242964
89	45.97851888563552
90	46.51994210327375
91	46.95869113499091
92	46.827083108874504
93	46.96510985763567
94	46.45175683302968
95	46.56038365084876
96	47.111232093801036
97	47.070995173524175
98	46.98008243457369
99	46.80442543281988
100	46.985997607158495
101	48.461288940887485
>>END_MODULE
>>Per sequence GC content	warn
#GC Content	Count
0	0.0
1	0.0
2	0.0
3	0.0
4	0.0
5	0.0
6	0.5
7	1.5
8	4.0
9	6.5
10	5.0
11	5.5
12	17.0
13	38.0
14	91.5
15	239.0
16	583.0
17	1390.5
18	3069.0
19	6356.0
20	14783.5
21	24461.0
22	36439.0
23	57177.5
24	85687.5
25	122971.5
26	168539.5
27	221518.5
28	282318.0
29	349939.0
30	422137.5
31	498654.5
32	577747.0
33	668209.5
34	744841.5
35	795177.5
36	842696.5
37	883036.5
38	915795.0
39	958918.5
40	1188833.0
41	1285451.0
42	1158483.0
43	1111243.0
44	1049040.5
45	974370.5
46	903418.0
47	840346.0
48	784190.5
49	733377.0
50	686808.0
51	639545.5
52	591342.0
53	551263.5
54	519529.5
55	496084.5
56	473356.5
57	438409.0
58	391249.0
59	346786.0
60	312532.0
61	284307.0
62	262272.5
63	244081.5
64	227126.5
65	213752.5
66	202435.0
67	190760.5
68	178052.5
69	164803.0
70	152046.5
71	139047.5
72	124077.0
73	108600.5
74	94043.0
75	79556.0
76	66338.0
77	54649.0
78	44619.0
79	35792.5
80	28106.5
81	21610.5
82	16403.0
83	12362.5
84	9048.5
85	6413.5
86	4385.0
87	2952.0
88	1936.5
89	1240.0
90	782.5
91	496.5
92	307.0
93	184.5
94	105.5
95	58.0
96	31.0
97	12.0
98	6.0
99	2.0
100	0.0
>>END_MODULE
>>Per base N content	pass
#Base	N-Count
1	0.03149128367045359
2	0.0
3	6.708115201337259E-4
4	1.0320177232826551E-4
5	0.0
6	0.0
7	0.0
8	0.0
9	0.0
10	0.0
11	0.0
12	0.0
13	0.0
14	0.0
15	0.0
16	0.0
17	0.0
18	0.0
19	0.0
20	0.0
21	0.0
22	0.0
23	0.0
24	1.2531643782717956E-4
25	0.04968059604331039
26	0.05729909830768627
27	0.012037749586575542
28	0.019298731425385653
29	0.03536872168792986
30	0.02752907276856483
31	0.03715263803817559
32	0.031170621020719342
33	0.03577784299965977
34	0.024388790267719035
35	0.01942036208562968
36	4.8652264097610886E-4
37	0.0
38	0.0
39	0.009815225703934682
40	0.007883878250362856
41	0.0023330972101354313
42	0.011687600716176071
43	0.026216935948962596
44	0.042017864447936676
45	0.06402195661935614
46	0.0711170784669244
47	0.07815691365074537
48	0.07668260261748444
49	0.10515154866975311
50	0.1232413450478648
51	0.1179891119918727
52	0.11684283516351233
53	0.0875814469308659
54	0.19083482014529557
55	0.2383702936352113
56	0.21695224009951306
57	0.20459382786320326
58	0.17921356342561623
59	0.17417510546944698
60	0.17015760790381093
61	0.17637182890900577
62	0.17967797140109343
63	0.1846390280280165
64	0.17275976687751649
65	0.16866118220505108
66	0.1661474818933412
67	0.16169506257289315
68	0.1615734319126491
69	0.16090630617009857
70	0.08408732978203749
71	0.14677503491629248
72	0.14704778245744576
73	0.14816825884272408
74	0.14770385086724686
75	0.15167343332430197
76	0.014872112548019692
77	0.005067944176834468
78	0.0
79	1.6954576882500765E-4
80	0.001916604343239217
81	0.0023773265411332596
82	7.740132924619914E-5
83	0.0
84	6.523826322179641E-4
85	7.59270182129382E-4
86	0.006686000535838345
87	0.02235055526423579
88	0.03609481987181087
89	0.0557510717227623
90	0.05184783326220397
91	0.053705465164112745
92	0.0388149237281773
93	0.03396444042874881
94	0.02904392735524044
95	0.026062133290470194
96	0.019556735856206316
97	0.013475202844004955
98	0.031233279239632927
99	0.04682411841636733
100	0.04457947986822756
101	0.008761093315153113
>>END_MODULE
>>Sequence Length Distribution	pass
#Length	Count
101	2.7131317E7
>>END_MODULE
>>Sequence Duplication Levels	warn
#Total Duplicate Percentage	36.0243417094729
#Duplication Level	Relative count
1	100.0
2	20.468733046403123
3	6.5485189337769905
4	2.9411551954862745
5	1.817787261745452
6	1.4025823718760173
7	1.0734565445404898
8	0.8600672718724004
9	0.7385438894715903
10++	8.819848819125466
>>END_MODULE
>>Overrepresented sequences	warn
#Sequence	Count	Percentage	Possible Source
GTTAGGTTAGGTTAGGTTAGGTTAGGTTAGGTTAGGTTAGGTTAGGTTAG	180167	0.6640554898238077	No Hit
AGGTTAGGTTAGGTTAGGTTAGGTTAGGTTAGGTTAGGTTAGGTTAGGTT	177126	0.6528470401934414	No Hit
GGTTAGGTTAGGTTAGGTTAGGTTAGGTTAGGTTAGGTTAGGTTAGGTTA	154746	0.570359337882492	No Hit
TAGGTTAGGTTAGGTTAGGTTAGGTTAGGTTAGGTTAGGTTAGGTTAGGT	135906	0.5009192882159019	No Hit
CTAACCTAACCTAACCTAACCTAACCTAACCTAACCTAACCTAACCTAAC	133537	0.49218768112141403	No Hit
AACCTAACCTAACCTAACCTAACCTAACCTAACCTAACCTAACCTAACCT	109542	0.4037474480136736	No Hit
TTAGGTTAGGTTAGGTTAGGTTAGGTTAGGTTAGGTTAGGTTAGGTTAGG	98218	0.36200970266205657	No Hit
CCTAACCTAACCTAACCTAACCTAACCTAACCTAACCTAACCTAACCTAA	93400	0.3442516262664286	No Hit
ACCTAACCTAACCTAACCTAACCTAACCTAACCTAACCTAACCTAACCTA	88383	0.3257600801317533	No Hit
TAACCTAACCTAACCTAACCTAACCTAACCTAACCTAACCTAACCTAACC	73875	0.27228681895537915	No Hit
>>END_MODULE
>>Kmer Content	fail
#Sequence	Count	Obs/Exp Overall	Obs/Exp Max	Max Obs/Exp Position
GTTAG	21153905	6.93953	10.206828	3
TAGGT	20866210	6.8451524	10.264469	5
TTAGG	20673080	6.781796	10.037144	4
AGGTT	20560975	6.74502	10.119482	6
GGTTA	20320745	6.666212	9.989757	7
ACCTA	12705410	5.1050653	6.943637	9
CTAAC	12602835	5.0638504	7.0869117	1
AACCT	12353540	4.9636836	6.830312	18
CCTAA	12022555	4.8306923	6.6768737	10
TAACC	11955455	4.803732	6.704765	2
TGATG	10192770	3.343734	3.858585	26
GATGA	9929615	3.0844743	3.4570704	18
>>END_MODULE
